4 -8.29267
3.99 -8.28526
3.98 -8.27785
3.97 -8.27043
3.96 -8.263
3.95 -8.25556
3.94 -8.24812
3.93 -8.24067
3.92 -8.23321
3.91 -8.22575
3.9 -8.21828
3.89 -8.2108
3.88 -8.20332
3.87 -8.19583
3.86 -8.18833
3.85 -8.18083
3.84 -8.17332
3.83 -8.1658
3.82 -8.15828
3.81 -8.15075
3.8 -8.14321
3.79 -8.13566
3.78 -8.12811
3.77 -8.12055
3.76 -8.11299
3.75 -8.10542
3.74 -8.09784
3.73 -8.09025
3.72 -8.08266
3.71 -8.07506
3.7 -8.06745
3.69 -8.05983
3.68 -8.05221
3.67 -8.04458
3.66 -8.03695
3.65 -8.0293
3.64 -8.02165
3.63 -8.014
3.62 -8.00633
3.61 -7.99866
3.6 -7.99098
3.59 -7.98329
3.58 -7.9756
3.57 -7.9679
3.56 -7.96019
3.55 -7.95247
3.54 -7.94475
3.53 -7.93702
3.52 -7.92928
3.51 -7.92153
3.5 -7.91378
3.49 -7.90602
3.48 -7.89825
3.47 -7.89048
3.46 -7.88269
3.45 -7.8749
3.44 -7.8671
3.43 -7.8593
3.42 -7.85149
3.41 -7.84366
3.4 -7.83583
3.39 -7.828
3.38 -7.82015
3.37 -7.8123
3.36 -7.80444
3.35 -7.79658
3.34 -7.7887
3.33 -7.78082
3.32 -7.77293
3.31 -7.76503
3.3 -7.75712
3.29 -7.74921
3.28 -7.74128
3.27 -7.73335
3.26 -7.72542
3.25 -7.71747
3.24 -7.70951
3.23 -7.70155
3.22 -7.69358
3.21 -7.6856
3.2 -7.67762
3.19 -7.66962
3.18 -7.66162
3.17 -7.65361
3.16 -7.64559
3.15 -7.63756
3.14 -7.62953
3.13 -7.62148
3.12 -7.61343
3.11 -7.60537
3.1 -7.5973
3.09 -7.58922
3.08 -7.58114
3.07 -7.57304
3.06 -7.56494
3.05 -7.55683
3.04 -7.54871
3.03 -7.54058
3.02 -7.53245
3.01 -7.5243
3 -7.51615
2.99 -7.50799
2.98 -7.49982
2.97 -7.49163
2.96 -7.48345
2.95 -7.47525
2.94 -7.46704
2.93 -7.45883
2.92 -7.45061
2.91 -7.44237
2.9 -7.43413
2.89 -7.42588
2.88 -7.41763
2.87 -7.40936
2.86 -7.40108
2.85 -7.3928
2.84 -7.3845
2.83 -7.3762
2.82 -7.36789
2.81 -7.35956
2.8 -7.35123
2.79 -7.34289
2.78 -7.33455
2.77 -7.32619
2.76 -7.31782
2.75 -7.30944
2.74 -7.30106
2.73 -7.29266
2.72 -7.28426
2.71 -7.27584
2.7 -7.26742
2.69 -7.25899
2.68 -7.25054
2.67 -7.24209
2.66 -7.23363
2.65 -7.22516
2.64 -7.21668
2.63 -7.20819
2.62 -7.19969
2.61 -7.19118
2.6 -7.18266
2.59 -7.17413
2.58 -7.16559
2.57 -7.15704
2.56 -7.14849
2.55 -7.13992
2.54 -7.13134
2.53 -7.12275
2.52 -7.11415
2.51 -7.10555
2.5 -7.09693
2.49 -7.0883
2.48 -7.07966
2.47 -7.07101
2.46 -7.06235
2.45 -7.05369
2.44 -7.04501
2.43 -7.03632
2.42 -7.02762
2.41 -7.01891
2.4 -7.01019
2.39 -7.00146
2.38 -6.99272
2.37 -6.98397
2.36 -6.9752
2.35 -6.96643
2.34 -6.95765
2.33 -6.94886
2.32 -6.94005
2.31 -6.93124
2.3 -6.92241
2.29 -6.91357
2.28 -6.90473
2.27 -6.89587
2.26 -6.887
2.25 -6.87812
2.24 -6.86923
2.23 -6.86033
2.22 -6.85142
2.21 -6.84249
2.2 -6.83356
2.19 -6.82461
2.18 -6.81565
2.17 -6.80669
2.16 -6.79771
2.15 -6.78872
2.14 -6.77971
2.13 -6.7707
2.12 -6.76167
2.11 -6.75264
2.1 -6.74359
2.09 -6.73453
2.08 -6.72546
2.07 -6.71638
2.06 -6.70728
2.05 -6.69818
2.04 -6.68906
2.03 -6.67993
2.02 -6.67079
2.01 -6.66163
2 -6.65247
1.99 -6.64329
1.98 -6.6341
1.97 -6.6249
1.96 -6.61569
1.95 -6.60646
1.94 -6.59722
1.93 -6.58797
1.92 -6.57871
1.91 -6.56944
1.9 -6.56015
1.89 -6.55085
1.88 -6.54154
1.87 -6.53222
1.86 -6.52288
1.85 -6.51353
1.84 -6.50417
1.83 -6.49479
1.82 -6.4854
1.81 -6.476
1.8 -6.46659
1.79 -6.45716
1.78 -6.44773
1.77 -6.43827
1.76 -6.42881
1.75 -6.41933
1.74 -6.40984
1.73 -6.40033
1.72 -6.39082
1.71 -6.38129
1.7 -6.37174
1.69 -6.36218
1.68 -6.35261
1.67 -6.34303
1.66 -6.33343
1.65 -6.32382
1.64 -6.31419
1.63 -6.30455
1.62 -6.2949
1.61 -6.28523
1.6 -6.27555
1.59 -6.26585
1.58 -6.25614
1.57 -6.24642
1.56 -6.23668
1.55 -6.22693
1.54 -6.21717
1.53 -6.20739
1.52 -6.19759
1.51 -6.18778
1.5 -6.17796
1.49 -6.16812
1.48 -6.15827
1.47 -6.1484
1.46 -6.13852
1.45 -6.12862
1.44 -6.11871
1.43 -6.10878
1.42 -6.09884
1.41 -6.08889
1.4 -6.07891
1.39 -6.06893
1.38 -6.05892
1.37 -6.04891
1.36 -6.03887
1.35 -6.02883
1.34 -6.01876
1.33 -6.00868
1.32 -5.99859
1.31 -5.98848
1.3 -5.97835
1.29 -5.96821
1.28 -5.95805
1.27 -5.94787
1.26 -5.93768
1.25 -5.92748
1.24 -5.91725
1.23 -5.90701
1.22 -5.89676
1.21 -5.88649
1.2 -5.8762
1.19 -5.86589
1.18 -5.85557
1.17 -5.84523
1.16 -5.83488
1.15 -5.8245
1.14 -5.81412
1.13 -5.80371
1.12 -5.79328
1.11 -5.78284
1.1 -5.77239
1.09 -5.76191
1.08 -5.75142
1.07 -5.74091
1.06 -5.73038
1.05 -5.71983
1.04 -5.70927
1.03 -5.69869
1.02 -5.68809
1.01 -5.67747
1 -5.66683
0.990003 -5.65618
0.980003 -5.64551
0.970003 -5.63482
0.960003 -5.62411
0.950003 -5.61338
0.940003 -5.60263
0.930003 -5.59187
0.920003 -5.58108
0.910003 -5.57028
0.900003 -5.55946
0.890003 -5.54862
0.880003 -5.53775
0.870003 -5.52687
0.860003 -5.51597
0.850003 -5.50506
0.840003 -5.49412
0.830003 -5.48316
0.820003 -5.47218
0.810003 -5.46118
0.800003 -5.45016
0.790003 -5.43912
0.780003 -5.42807
0.770003 -5.41699
0.760003 -5.40589
0.750003 -5.39476
0.740003 -5.38362
0.730003 -5.37246
0.720003 -5.36128
0.710003 -5.35007
0.700003 -5.33885
0.690003 -5.3276
0.680003 -5.31634
0.670003 -5.30505
0.660003 -5.29374
0.650003 -5.2824
0.640003 -5.27105
0.630003 -5.25967
0.620003 -5.24827
0.610003 -5.23685
0.600003 -5.22541
0.590003 -5.21394
0.580003 -5.20245
0.570003 -5.19094
0.560003 -5.17941
0.550003 -5.16785
0.540003 -5.15627
0.530003 -5.14467
0.520003 -5.13304
0.510003 -5.12139
0.500003 -5.10972
0.490003 -5.09802
0.480003 -5.0863
0.470003 -5.07455
0.460003 -5.06278
0.450003 -5.05099
0.440003 -5.03917
0.430003 -5.02733
0.420003 -5.01546
0.410003 -5.00357
0.400003 -4.99165
0.390003 -4.9797
0.380003 -4.96774
0.370003 -4.95574
0.360003 -4.94372
0.350003 -4.93167
0.340003 -4.9196
0.330003 -4.9075
0.320004 -4.89538
0.310004 -4.88323
0.300004 -4.87105
0.290004 -4.85885
0.280004 -4.84661
0.270004 -4.83435
0.260004 -4.82207
0.250004 -4.80975
0.240004 -4.79741
0.230004 -4.78504
0.220004 -4.77265
0.210004 -4.76022
0.200004 -4.74777
0.190004 -4.73528
0.180004 -4.72277
0.170004 -4.71023
0.160004 -4.69766
0.150004 -4.68506
0.140004 -4.67243
0.130004 -4.65977
0.120004 -4.64708
0.110004 -4.63437
0.100004 -4.62162
0.0900035 -4.60884
0.0800035 -4.59602
0.0700035 -4.58318
0.0600035 -4.57031
0.0500035 -4.5574
0.0400035 -4.54447
0.0300035 -4.5315
0.0200035 -4.5185
0.0100035 -4.50546
3.52018e-06 -4.4924
-0.00999648 -4.4793
-0.0199965 -4.46617
-0.0299965 -4.453
-0.0399965 -4.4398
-0.0499965 -4.42657
-0.0599965 -4.4133
-0.0699965 -4.4
-0.0799965 -4.38667
-0.0899965 -4.3733
-0.0999965 -4.35989
-0.109996 -4.34645
-0.119996 -4.33297
-0.129996 -4.31946
-0.139996 -4.30591
-0.149996 -4.29233
-0.159996 -4.27871
-0.169997 -4.26505
-0.179997 -4.25135
-0.189997 -4.23762
-0.199997 -4.22384
-0.209997 -4.21003
-0.219997 -4.19619
-0.229997 -4.1823
-0.239997 -4.16837
-0.249997 -4.1544
-0.259997 -4.1404
-0.269997 -4.12635
-0.279997 -4.11226
-0.289997 -4.09814
-0.299996 -4.08397
-0.309996 -4.06976
-0.319996 -4.0555
-0.329996 -4.04121
-0.339996 -4.02687
-0.349996 -4.01249
-0.359996 -3.99807
-0.369996 -3.9836
-0.379996 -3.96909
-0.389996 -3.95453
-0.399996 -3.93993
-0.409996 -3.92529
-0.419996 -3.9106
-0.429996 -3.89586
-0.439996 -3.88107
-0.449996 -3.86624
-0.459996 -3.85136
-0.469996 -3.83644
-0.479996 -3.82146
-0.489996 -3.80644
-0.499996 -3.79137
-0.509996 -3.77624
-0.519996 -3.76107
-0.529996 -3.74585
-0.539996 -3.73058
-0.549996 -3.71525
-0.559996 -3.69987
-0.569996 -3.68444
-0.579996 -3.66896
-0.589996 -3.65342
-0.599996 -3.63783
-0.609996 -3.62218
-0.619996 -3.60648
-0.629996 -3.59072
-0.639996 -3.57491
-0.649996 -3.55904
-0.659996 -3.54311
-0.669996 -3.52713
-0.679996 -3.51108
-0.689996 -3.49497
-0.699996 -3.47881
-0.709996 -3.46258
-0.719996 -3.4463
-0.729996 -3.42995
-0.739996 -3.41353
-0.749996 -3.39706
-0.759996 -3.38052
-0.769996 -3.36391
-0.779996 -3.34724
-0.789996 -3.3305
-0.799996 -3.3137
-0.809996 -3.29682
-0.819996 -3.27988
-0.829996 -3.26287
-0.839996 -3.24579
-0.849996 -3.22864
-0.859996 -3.21141
-0.869996 -3.19411
-0.879996 -3.17674
-0.889996 -3.15929
-0.899996 -3.14177
-0.909996 -3.12417
-0.919996 -3.10649
-0.929996 -3.08873
-0.939996 -3.07089
-0.949996 -3.05297
-0.959996 -3.03497
-0.969996 -3.01689
-0.979996 -2.99872
-0.989996 -2.98047
-0.999996 -2.96213
-1.01 -2.9437
-1.02 -2.92518
-1.03 -2.90658
-1.04 -2.88788
-1.05 -2.86909
-1.06 -2.8502
-1.07 -2.83122
-1.08 -2.81214
-1.09 -2.79296
-1.1 -2.77369
-1.11 -2.75431
-1.12 -2.73482
-1.13 -2.71524
-1.14 -2.69555
-1.15 -2.67574
-1.16 -2.65583
-1.17 -2.63581
-1.18 -2.61567
-1.19 -2.59542
-1.2 -2.57505
-1.21 -2.55457
-1.22 -2.53396
-1.23 -2.51322
-1.24 -2.49236
-1.25 -2.47138
-1.26 -2.45026
-1.27 -2.42901
-1.28 -2.40763
-1.29 -2.3861
-1.3 -2.36444
-1.31 -2.34264
-1.32 -2.32068
-1.33 -2.29858
-1.34 -2.27633
-1.35 -2.25393
-1.36 -2.23136
-1.37 -2.20864
-1.38 -2.18575
-1.39 -2.16269
-1.4 -2.13946
-1.41 -2.11605
-1.42 -2.09247
-1.43 -2.0687
-1.44 -2.04475
-1.45 -2.0206
-1.46 -1.99625
-1.47 -1.9717
-1.48 -1.94695
-1.49 -1.92199
-1.5 -1.8968
-1.51 -1.8714
-1.52 -1.84577
-1.53 -1.8199
-1.54 -1.79379
-1.55 -1.76743
-1.56 -1.74082
-1.57 -1.71394
-1.58 -1.6868
-1.59 -1.65938
-1.6 -1.63167
-1.61 -1.60366
-1.62 -1.57535
-1.63 -1.54673
-1.64 -1.51777
-1.65 -1.48849
-1.66 -1.45885
-1.67 -1.42885
-1.68 -1.39848
-1.69 -1.36772
-1.7 -1.33656
-1.71 -1.30498
-1.72 -1.27296
-1.73 -1.24049
-1.74 -1.20754
-1.75 -1.1741
-1.76 -1.14014
-1.77 -1.10564
-1.78 -1.07057
-1.79 -1.0349
-1.8 -0.998608
-1.81 -0.961652
-1.82 -0.923998
-1.83 -0.885605
-1.84 -0.846429
-1.85 -0.80642
-1.86 -0.765524
-1.86999 -0.723681
-1.87999 -0.680821
-1.88999 -0.636869
-1.89999 -0.591737
-1.90999 -0.545327
-1.91999 -0.497525
-1.92999 -0.4482
-1.93999 -0.397199
-1.94999 -0.344339
-1.95999 -0.289405
-1.96999 -0.232136
-1.97999 -0.172208
-1.98999 -0.109219
-1.99999 -0.0426498
-2.00999 0.028182
-2.01999 0.104206
-2.02999 0.186752
-2.03999 0.277837
-2.04999 0.380801
-2.05999 0.501971
-2.06999 0.656722
-2.07999 0.924899
-2.07999 1.23715
-2.06999 1.50658
-2.05999 1.66258
-2.04999 1.785
-2.03999 1.88921
-2.02999 1.98154
-2.01999 2.06534
-2.00999 2.14261
-1.99999 2.21469
-1.98999 2.28251
-1.97999 2.34675
-1.96999 2.40793
-1.95999 2.46645
-1.94999 2.52263
-1.93999 2.57674
-1.92999 2.62899
-1.91999 2.67956
-1.90999 2.72861
-1.89999 2.77627
-1.88999 2.82265
-1.87999 2.86786
-1.86999 2.91196
-1.86 2.95506
-1.85 2.9972
-1.84 3.03846
-1.83 3.07889
-1.82 3.11853
-1.81 3.15743
-1.8 3.19564
-1.79 3.23318
-1.78 3.2701
-1.77 3.30642
-1.76 3.34217
-1.75 3.37737
-1.74 3.41207
-1.73 3.44626
-1.72 3.47998
-1.71 3.51325
-1.7 3.54608
-1.69 3.5785
-1.68 3.6105
-1.67 3.64212
-1.66 3.67337
-1.65 3.70426
-1.64 3.73479
-1.63 3.76499
-1.62 3.79487
-1.61 3.82443
-1.6 3.85368
-1.59 3.88264
-1.58 3.91131
-1.57 3.93971
-1.56 3.96783
-1.55 3.99569
-1.54 4.0233
-1.53 4.05066
-1.52 4.07777
-1.51 4.10466
-1.5 4.13131
-1.49 4.15774
-1.48 4.18396
-1.47 4.20996
-1.46 4.23576
-1.45 4.26135
-1.44 4.28675
-1.43 4.31195
-1.42 4.33697
-1.41 4.36181
-1.4 4.38646
-1.39 4.41094
-1.38 4.43525
-1.37 4.45939
-1.36 4.48336
-1.35 4.50717
-1.34 4.53083
-1.33 4.55433
-1.32 4.57768
-1.31 4.60088
-1.3 4.62393
-1.29 4.64685
-1.28 4.66962
-1.27 4.69225
-1.26 4.71475
-1.25 4.73712
-1.24 4.75935
-1.23 4.78146
-1.22 4.80344
-1.21 4.8253
-1.2 4.84704
-1.19 4.86866
-1.18 4.89016
-1.17 4.91154
-1.16 4.93282
-1.15 4.95398
-1.14 4.97503
-1.13 4.99597
-1.12 5.01681
-1.11 5.03754
-1.1 5.05817
-1.09 5.07869
-1.08 5.09912
-1.07 5.11945
-1.06 5.13968
-1.05 5.15981
-1.04 5.17985
-1.03 5.1998
-1.02 5.21966
-1.01 5.23942
-0.999996 5.2591
-0.989996 5.27869
-0.979996 5.29819
-0.969996 5.31761
-0.959996 5.33694
-0.949996 5.35619
-0.939996 5.37536
-0.929996 5.39445
-0.919996 5.41345
-0.909996 5.43238
-0.899996 5.45123
-0.889996 5.47
-0.879996 5.4887
-0.869996 5.50732
-0.859996 5.52587
-0.849996 5.54435
-0.839996 5.56275
-0.829996 5.58108
-0.819996 5.59934
-0.809996 5.61753
-0.799996 5.63565
-0.789996 5.65371
-0.779996 5.6717
-0.769996 5.68962
-0.759996 5.70747
-0.749996 5.72526
-0.739996 5.74299
-0.729996 5.76065
-0.719996 5.77825
-0.709996 5.79578
-0.699996 5.81326
-0.689996 5.83067
-0.679996 5.84803
-0.669996 5.86532
-0.659996 5.88256
-0.649996 5.89974
-0.639996 5.91686
-0.629996 5.93392
-0.619996 5.95093
-0.609996 5.96788
-0.599996 5.98477
-0.589996 6.00161
-0.579996 6.0184
-0.569996 6.03513
-0.559996 6.05181
-0.549996 6.06844
-0.539996 6.08501
-0.529996 6.10154
-0.519996 6.11801
-0.509996 6.13443
-0.499996 6.1508
-0.489996 6.16713
-0.479996 6.1834
-0.469996 6.19962
-0.459996 6.2158
-0.449996 6.23193
-0.439996 6.24801
-0.429996 6.26404
-0.419996 6.28003
-0.409996 6.29597
-0.399996 6.31186
-0.389996 6.32771
-0.379996 6.34352
-0.369996 6.35928
-0.359996 6.375
-0.349996 6.39067
-0.339996 6.4063
-0.329996 6.42188
-0.319996 6.43743
-0.309996 6.45293
-0.299996 6.46839
-0.289997 6.48381
-0.279997 6.49918
-0.269997 6.51452
-0.259997 6.52982
-0.249997 6.54507
-0.239997 6.56029
-0.229997 6.57546
-0.219997 6.5906
-0.209997 6.6057
-0.199997 6.62076
-0.189997 6.63578
-0.179997 6.65076
-0.169997 6.66571
-0.159996 6.68062
-0.149996 6.69549
-0.139996 6.71032
-0.129996 6.72512
-0.119996 6.73988
-0.109996 6.75461
-0.0999965 6.7693
-0.0899965 6.78396
-0.0799965 6.79858
-0.0699965 6.81316
-0.0599965 6.82771
-0.0499965 6.84223
-0.0399965 6.85671
-0.0299965 6.87116
-0.0199965 6.88557
-0.00999648 6.89995
3.52018e-06 6.9143
0.0100035 6.92862
0.0200035 6.9429
0.0300035 6.95715
0.0400035 6.97137
0.0500035 6.98555
0.0600035 6.9997
0.0700035 7.01383
0.0800035 7.02792
0.0900035 7.04198
0.100004 7.05601
0.110004 7.07001
0.120004 7.08398
0.130004 7.09791
0.140004 7.11182
0.150004 7.1257
0.160004 7.13955
0.170004 7.15337
0.180004 7.16716
0.190004 7.18092
0.200004 7.19465
0.210004 7.20836
0.220004 7.22203
0.230004 7.23568
0.240004 7.2493
0.250004 7.26289
0.260004 7.27645
0.270004 7.28999
0.280004 7.3035
0.290004 7.31698
0.300004 7.33043
0.310004 7.34386
0.320004 7.35726
0.330003 7.37063
0.340003 7.38398
0.350003 7.3973
0.360003 7.4106
0.370003 7.42387
0.380003 7.43711
0.390003 7.45033
0.400003 7.46352
0.410003 7.47669
0.420003 7.48983
0.430003 7.50295
0.440003 7.51604
0.450003 7.52911
0.460003 7.54215
0.470003 7.55517
0.480003 7.56817
0.490003 7.58114
0.500003 7.59408
0.510003 7.60701
0.520003 7.61991
0.530003 7.63278
0.540003 7.64564
0.550003 7.65846
0.560003 7.67127
0.570003 7.68405
0.580003 7.69681
0.590003 7.70955
0.600003 7.72227
0.610003 7.73496
0.620003 7.74763
0.630003 7.76028
0.640003 7.7729
0.650003 7.78551
0.660003 7.79809
0.670003 7.81065
0.680003 7.82319
0.690003 7.83571
0.700003 7.8482
0.710003 7.86068
0.720003 7.87313
0.730003 7.88556
0.740003 7.89797
0.750003 7.91036
0.760003 7.92273
0.770003 7.93508
0.780003 7.94741
0.790003 7.95972
0.800003 7.97201
0.810003 7.98427
0.820003 7.99652
0.830003 8.00875
0.840003 8.02096
0.850003 8.03315
0.860003 8.04531
0.870003 8.05746
0.880003 8.06959
0.890003 8.0817
0.900003 8.09379
0.910003 8.10587
0.920003 8.11792
0.930003 8.12995
0.940003 8.14197
0.950003 8.15396
0.960003 8.16594
0.970003 8.1779
0.980003 8.18984
0.990003 8.20176
1 8.21366
1.01 8.22555
1.02 8.23742
1.03 8.24926
1.04 8.2611
1.05 8.27291
1.06 8.2847
1.07 8.29648
1.08 8.30824
1.09 8.31998
1.1 8.33171
1.11 8.34342
1.12 8.35511
1.13 8.36678
1.14 8.37844
1.15 8.39007
1.16 8.4017
1.17 8.4133
1.18 8.42489
1.19 8.43646
1.2 8.44801
1.21 8.45955
1.22 8.47107
1.23 8.48258
1.24 8.49407
1.25 8.50554
1.26 8.517
1.27 8.52843
1.28 8.53986
1.29 8.55127
1.3 8.56266
1.31 8.57403
1.32 8.58539
1.33 8.59674
1.34 8.60807
1.35 8.61938
1.36 8.63068
1.37 8.64196
1.38 8.65323
1.39 8.66448
1.4 8.67572
1.41 8.68694
1.42 8.69814
1.43 8.70933
1.44 8.72051
1.45 8.73167
1.46 8.74282
1.47 8.75395
1.48 8.76507
1.49 8.77617
1.5 8.78725
1.51 8.79833
1.52 8.80939
1.53 8.82043
1.54 8.83146
1.55 8.84247
1.56 8.85347
1.57 8.86446
1.58 8.87543
1.59 8.88639
1.6 8.89734
1.61 8.90827
1.62 8.91918
1.63 8.93009
1.64 8.94097
1.65 8.95185
1.66 8.96271
1.67 8.97356
1.68 8.98439
1.69 8.99521
1.7 9.00602
1.71 9.01682
1.72 9.0276
1.73 9.03836
1.74 9.04912
1.75 9.05986
1.76 9.07059
1.77 9.0813
1.78 9.092
1.79 9.10269
1.8 9.11336
1.81 9.12403
1.82 9.13468
1.83 9.14531
1.84 9.15594
1.85 9.16655
1.86 9.17715
1.87 9.18773
1.88 9.19831
1.89 9.20887
1.9 9.21942
1.91 9.22995
1.92 9.24048
1.93 9.25099
1.94 9.26149
1.95 9.27197
1.96 9.28245
1.97 9.29291
1.98 9.30336
1.99 9.3138
2 9.32423
2.01 9.33464
2.02 9.34505
2.03 9.35544
2.04 9.36581
2.05 9.37618
2.06 9.38654
2.07 9.39688
2.08 9.40721
2.09 9.41753
2.1 9.42784
2.11 9.43814
2.12 9.44843
2.13 9.4587
2.14 9.46896
2.15 9.47921
2.16 9.48945
2.17 9.49968
2.18 9.5099
2.19 9.52011
2.2 9.5303
2.21 9.54049
2.22 9.55066
2.23 9.56082
2.24 9.57097
2.25 9.58111
2.26 9.59124
2.27 9.60136
2.28 9.61147
2.29 9.62156
2.3 9.63165
2.31 9.64172
2.32 9.65179
2.33 9.66184
2.34 9.67188
2.35 9.68192
2.36 9.69194
2.37 9.70195
2.38 9.71195
2.39 9.72194
2.4 9.73192
2.41 9.74189
2.42 9.75185
2.43 9.7618
2.44 9.77174
2.45 9.78166
2.46 9.79158
2.47 9.80149
2.48 9.81139
2.49 9.82127
2.5 9.83115
2.51 9.84102
2.52 9.85088
2.53 9.86072
2.54 9.87056
2.55 9.88039
2.56 9.89021
2.57 9.90001
2.58 9.90981
2.59 9.9196
2.6 9.92938
2.61 9.93915
2.62 9.9489
2.63 9.95865
2.64 9.96839
2.65 9.97812
2.66 9.98784
2.67 9.99755
2.68 10.0073
2.69 10.0169
2.7 10.0266
2.71 10.0363
2.72 10.046
2.73 10.0556
2.74 10.0653
2.75 10.0749
2.76 10.0845
2.77 10.0941
2.78 10.1037
2.79 10.1133
2.8 10.1229
2.81 10.1325
2.82 10.1421
2.83 10.1516
2.84 10.1612
2.85 10.1707
2.86 10.1803
2.87 10.1898
2.88 10.1993
2.89 10.2088
2.9 10.2183
2.91 10.2278
2.92 10.2373
2.93 10.2468
2.94 10.2562
2.95 10.2657
2.96 10.2751
2.97 10.2846
2.98 10.294
2.99 10.3034
3 10.3128
3.01 10.3222
3.02 10.3316
3.03 10.341
3.04 10.3504
3.05 10.3598
3.06 10.3691
3.07 10.3785
3.08 10.3878
3.09 10.3972
3.1 10.4065
3.11 10.4158
3.12 10.4251
3.13 10.4344
3.14 10.4437
3.15 10.453
3.16 10.4623
3.17 10.4715
3.18 10.4808
3.19 10.49
3.2 10.4993
3.21 10.5085
3.22 10.5178
3.23 10.527
3.24 10.5362
3.25 10.5454
3.26 10.5546
3.27 10.5638
3.28 10.573
3.29 10.5821
3.3 10.5913
3.31 10.6004
3.32 10.6096
3.33 10.6187
3.34 10.6279
3.35 10.637
3.36 10.6461
3.37 10.6552
3.38 10.6643
3.39 10.6734
3.4 10.6825
3.41 10.6916
3.42 10.7006
3.43 10.7097
3.44 10.7188
3.45 10.7278
3.46 10.7368
3.47 10.7459
3.48 10.7549
3.49 10.7639
3.5 10.7729
3.51 10.7819
3.52 10.7909
3.53 10.7999
3.54 10.8089
3.55 10.8179
3.56 10.8268
3.57 10.8358
3.58 10.8447
3.59 10.8537
3.6 10.8626
3.61 10.8716
3.62 10.8805
3.63 10.8894
3.64 10.8983
3.65 10.9072
3.66 10.9161
3.67 10.925
3.68 10.9339
3.69 10.9427
3.7 10.9516
3.71 10.9604
3.72 10.9693
3.73 10.9781
3.74 10.987
3.75 10.9958
3.76 11.0046
3.77 11.0134
3.78 11.0222
3.79 11.031
3.8 11.0398
3.81 11.0486
3.82 11.0574
3.83 11.0662
3.84 11.0749
3.85 11.0837
3.86 11.0925
3.87 11.1012
3.88 11.1099
3.89 11.1187
3.9 11.1274
3.91 11.1361
3.92 11.1448
3.93 11.1535
3.94 11.1622
3.95 11.1709
3.96 11.1796
3.97 11.1883
3.98 11.197
3.99 11.2056
4 11.2143
