-1.39563 4.66254
0.406704 7.06734
-2.46015 6.86681
0.850433 6.92033
1.17681 3.16702
-0.566606 5.749
0.931635 1.5895
-0.024205 6.15182
-0.036453 2.69099
-0.196949 0.444165
1.01446 5.7544
1.9853 3.23062
-1.69345 -0.55754
-0.346811 -1.67873
-2.12448 2.67247
-3.642 -1.61809
0.315985 3.52395
-0.386323 3.98929
0.556921 8.29498
-1.3478 -2.40605
1.1966 4.95185
-0.445678 3.2973
1.04222 6.10515
1.15208 0.548467
0.828534 2.67604
-0.683565 -2.16613
0.229456 5.92194
1.50728 5.02787
0.099671 6.83584
1.78593 7.71865
-0.364009 4.7473
-0.841722 4.11908
0.490426 1.96054
-0.810823 -1.46602
2.53078 6.4768
-1.33747 0.468339
-0.147324 2.87485
-1.65809 -0.027255
1.31994 2.17123
2.05622 5.01998
-0.851633 4.37569
-1.07664 -3.18189
3.01015 8.40177
-1.09946 1.68827
-0.834872 -1.73387
-0.846637 3.84908
1.75284 5.46817
0.078557 0.059736
0.089392 -0.7153
0.126117 0.922311
-0.679797 1.22053
0.677983 2.55667
-2.16879 0.143632
