-0.017612 14.0531
-0.752157 6.53862
-1.32237 7.15285
0.423363 11.0547
0.667394 12.7415
0.569411 9.54875
-0.026632 10.4277
1.34718 13.1755
-1.78187 9.09795
-0.576525 11.7789
1.21792 9.59702
-0.733928 9.09869
1.41661 9.61923
1.22486 11.5874
0.275221 9.54365
0.470575 9.33249
-1.88957 9.54266
-1.52789 12.1506
-1.18525 11.3093
-0.618787 10.321
-1.23773 10.549
-0.959885 11.5553
0.492911 10.9933
0.184992 8.72149
-0.355715 10.326
-0.397822 8.0584
0.824839 13.7303
-0.344008 10.7175
-0.918801 11.5602
-0.007194 9.07579
0.356107 12.4479
0.342578 12.2812
1.29668 11.6076
0.475487 12.04
-0.783277 11.0097
0.074798 11.0237
-0.102781 13.7637
0.518389 9.88704
1.0154 7.57188
-1.51005 6.06199
1.8211 10.284
1.4001 12.6288
1.82566 12.6938
0.197445 9.74464
0.761349 10.6939
1.38861 9.342
0.317029 14.739
