-0.267332 0.0495213
-3.25515 0.152259
-0.384891 0.0587337
-1.44784 0.101247
1.81433 0.0104888
2.02065 -0.165641
-1.8315 0.215699
-1.09687 0.476778
-1.44969 -0.802441
-1.55306 -0.16388
1.75158 -0.191643
-0.849671 0.11429
-0.223984 0.673865
-0.656372 -0.0839519
-3.99996 -0.328509
-0.120421 0.467122
2.33193 0.299935
-0.435215 0.486235
0.328243 0.326091
0.747427 0.145922
1.10468 -0.0333613
-2.93408 0.568389
-1.07704 0.15546
-1.02256 0.218281
-0.193399 0.0542329
1.06703 0.49329
2.01382 0.348254
-3.56464 0.377158
-2.53347 0.0498176
-1.94586 -0.535449
1.93349 -0.542916
-2.57673 -0.495154
2.55395 -0.222817
1.29364 -0.0284818
1.69094 0.110532
-1.8107 -0.0174035
-3.62344 0.129625
0.407451 0.150983
0.462741 0.929285
0.458193 -1.00632
3.21181 -0.655063
1.81427 0.105406
-0.0159352 0.135034
-1.88646 0.455378
-0.706906 0.299783
-0.634222 0.0468022
0.658083 -0.173009
-1.11308 0.285861
-1.18658 0.0714273
2.33695 -0.768386
-0.559929 -0.113201
-1.06787 0.436054
0.0200612 0.425575
-0.171821 -0.0588244
-2.80601 0.0957185
1.34626 -0.0928133
0.599023 -0.0787947
-3.08719 -0.012056
-2.67634 -0.0103823
0.655888 0.0479452
2.65892 -0.115346
0.118431 -0.19691
-2.9266 -0.278072
-0.678323 -0.178886
-0.239527 -0.743732
1.73586 -0.303013
0.791673 0.378698
-2.69695 -0.291955
-0.922305 0.342479
2.62982 -0.336422
-0.697989 -0.584229
1.52194 -0.000556372
0.47296 -0.129085
-0.502654 0.317428
-0.406733 0.222016
0.223624 -0.348962
-0.310806 -0.00551606
2.60946 -0.0326424
0.0393903 -0.10943
1.68931 -0.0401066
-1.02671 -0.129913
2.44513 -0.0330887
-1.23401 0.0853621
3.12988 0.371403
2.28026 -0.26129
1.74534 0.376341
-0.156058 -0.0211782
-0.122263 -0.172828
0.766742 -0.152194
1.63184 -0.151547
3.14486 -0.288019
0.412579 -0.0997349
1.51887 -0.241895
-0.443898 -0.115582
-1.60083 -0.399662
0.900312 -0.423661
-2.17821 -0.118704
-0.558474 -0.37139
-2.44873 0.308597
-0.990945 0.144742
-0.522927 0.0229254
1.9471 -0.223751
-1.22923 -0.117601
0.971076 -0.132324
-0.0130095 -0.0287232
-1.42745 -0.0672891
-1.5382 0.430036
-1.30825 0.0143823
-1.23186 0.562053
-2.57607 -0.180559
-0.195121 0.0680273
-1.02582 0.752732
-3.93684 0.903134
-2.05253 -0.237033
0.0954821 0.819026
-1.44765 0.248359
-2.00511 -0.365628
1.06164 0.0222224
1.68495 -0.383067
1.05894 -0.284515
-0.225573 0.223727
-1.65499 0.126709
-1.95044 -0.811074
-2.84939 0.0186233
2.56004 0.26484
-2.15244 -0.122643
-0.768917 0.228958
1.32449 0.0772663
-2.32919 0.0266112
1.85553 -0.140634
1.52237 -0.176088
-2.26281 -0.00231038
-0.517968 0.117011
-2.1839 0.162463
1.62085 -0.0776604
0.7444 0.0258792
0.450207 -0.310482
3.54853 0.537139
-0.64213 -0.222713
1.38858 -0.269814
0.785369 -0.135015
-0.628103 0.235478
1.46241 0.377426
-1.21399 0.683503
5.78734 -0.0680439
-1.39829 -0.373682
-0.917427 -0.195575
1.12159 0.497216
1.15955 0.124708
-2.75514 -0.0348659
0.37577 -0.186876
-0.0279605 0.0541576
0.116713 0.303622
1.07759 -0.209136
1.31211 -0.0672484
1.54118 -0.134121
-2.22833 0.378238
0.176952 -0.17396
2.70343 -0.00778043
-0.807138 -0.862004
-0.906944 0.435097
0.328895 -0.191931
3.84401 0.160266
-2.08826 -0.317826
0.206874 0.57072
-2.04941 -0.238165
1.92376 0.26762
0.389306 -0.163909
-0.682445 0.595933
0.321898 -0.532103
-0.0994187 -0.340363
-1.65738 0.297912
-4.38765 -0.233225
-0.996945 0.0528128
-0.0507885 0.297964
-1.17179 0.3195
-2.61891 -0.0820153
0.0883879 -0.489744
1.49532 -0.396318
-0.0275546 -0.0333113
-0.10433 0.152273
-1.20504 -0.31036
-1.07147 0.241311
-0.66754 -0.803267
-2.56767 0.0726799
1.70153 -0.296491
0.449551 0.512252
-1.03882 0.342969
1.61182 0.079
1.78882 0.568225
-0.577284 -0.22602
0.716396 0.658318
0.29892 -0.111166
-2.41682 -0.0926309
-1.89155 -0.403427
1.62679 -0.113888
0.804411 0.215891
1.03194 -0.218174
-0.96176 -0.349706
0.654192 0.172213
-0.927591 -0.62277
2.08925 0.0689357
-0.625653 -0.07787
-0.450419 -0.815331
2.18129 -0.213434
0.470398 0.0925341
-0.263853 -0.147516
-0.670839 0.0361559
2.48324 0.230821
0.225451 0.128256
-0.352289 0.117675
-1.26852 -0.105371
0.82454 -0.102429
2.31648 0.0853958
1.18451 0.00900157
0.752493 -0.284615
0.415622 0.029233
-0.0593362 0.479601
-0.17673 0.329514
0.450363 0.238969
0.323941 -0.278887
-1.90787 0.398699
-4.41483 -0.336283
0.37047 0.388514
-1.71504 0.129796
-0.112593 -0.133685
-1.47649 0.0262741
1.45442 0.232158
-1.37708 -0.184498
-3.84753 -0.579386
0.899266 -0.302993
-0.894247 -0.294004
-0.735222 -0.177859
-1.45896 -0.144025
-0.781271 -0.0203382
2.50334 -0.0845735
-0.834124 -0.0765297
-1.32101 0.209125
2.26595 0.126403
-0.163189 0.83201
0.47613 -0.40233
-1.2429 0.27591
3.65016 0.384676
-0.195773 -0.143477
2.87082 -0.529566
-1.70311 0.0974885
-5.02596 -0.279719
0.0608996 0.0519746
-1.30708 0.560922
1.27222 -0.331639
0.14377 0.00329158
2.09781 -0.248805
0.864966 0.247721
-0.55219 0.345965
-2.72282 -0.375225
-1.25127 0.498855
-0.873529 0.066129
-1.94735 -0.133974
-1.89258 -0.0963909
-0.150742 -0.107022
-0.210673 -0.281865
1.4536 -0.0144855
1.57733 0.274641
2.16177 0.270443
-1.14112 -0.0297908
1.69304 -0.176659
1.62552 -0.0635939
-0.83806 0.0681324
-1.02938 -0.0686231
-0.930831 0.387966
-0.473876 -0.0336933
3.15771 -0.00988198
1.4302 -0.054911
-1.09046 -0.0499141
1.72706 -0.116112
-1.90492 -0.0688827
1.28115 -0.732596
-0.209171 -0.0902016
0.525888 -0.0811604
-3.24911 -0.23664
-1.42245 -0.361966
1.69182 -0.578366
-1.23761 0.344662
-0.864897 -0.362398
2.3904 0.297168
0.319341 0.220656
2.74083 0.215198
-0.908412 0.0580062
-3.22224 -0.0954081
1.09211 0.0305692
0.00419846 -0.345172
0.333942 0.133698
1.30023 0.0882131
-2.14917 0.410458
1.49393 -0.388683
3.30728 -0.294039
1.82614 -0.17928
2.23905 0.308765
-0.232283 0.0714523
2.4691 -0.502345
2.62218 -0.00122192
1.58266 -0.0699951
-1.41874 -0.290587
-1.19831 0.204303
0.884834 0.429299
-0.0357578 -0.758594
0.13926 -0.024397
-2.89467 0.013257
1.25739 -0.275765
3.2699 -0.16098
0.448548 0.207919
0.889552 -0.13313
-0.482238 0.381099
-1.1315 0.0938887
-1.04855 0.0997736
-1.20105 0.218871
-1.32781 -0.047345
0.0150226 0.138332
-2.98364 0.23126
1.86113 -0.104158
-2.1963 -0.134124
-0.750617 0.155527
-1.66339 -0.317398
0.334871 0.227366
-1.64947 -0.227256
-1.05633 -0.0720329
-0.966626 0.049957
1.03051 -0.643396
-1.67196 0.101254
1.27332 0.411175
2.01961 0.24766
0.503549 0.550488
2.62204 -0.0121693
0.135785 0.143122
-0.369427 -0.207514
2.57417 -0.0306824
-0.823551 -0.536723
0.488935 -0.714494
-1.64551 0.0836908
-0.627357 -0.00052982
-1.30355 -0.0896672
3.53456 -0.838612
0.602596 0.381487
0.121864 0.279181
0.270421 0.0567423
1.48365 0.224949
2.69241 0.18951
0.186148 0.251997
0.374429 -0.261425
1.24802 0.459804
-2.02602 -0.312025
1.70276 0.606404
2.04704 0.18631
0.00395736 0.268415
3.60396 -0.501582
3.33788 0.451269
2.49876 -0.144873
-1.20582 0.00979866
-2.24424 0.0427634
0.625821 0.62523
-0.590209 -0.638912
-0.598848 -0.301295
2.06376 -0.274972
0.309187 -0.153204
-1.45888 -0.063934
3.62514 -0.010156
-0.342771 -0.454217
-0.376265 -0.279922
-0.0616429 -0.310845
-1.61587 -0.426241
-1.47119 -0.365547
0.123797 -0.232051
0.785787 0.0963315
0.195644 0.174111
0.449209 -0.0455096
1.55084 -0.033178
1.41531 -0.612408
-0.900741 0.0291912
-1.18096 0.385761
0.460975 0.268494
1.50632 -0.117281
1.9204 0.404787
-0.103917 -0.0723161
0.352279 0.226039
0.477592 0.0904528
0.616598 -0.053796
3.15004 -0.318456
0.399314 0.00258458
0.323257 0.15915
3.36849 -0.528019
-0.447549 0.189782
-3.39603 0.0881443
-0.823225 0.108194
-1.75328 -0.350926
-3.00914 -0.270737
-3.00166 -0.0246879
2.52636 -0.0737297
-0.312611 -0.0687307
3.95738 0.589106
0.397503 -0.180349
0.669305 -0.293887
-0.318492 0.247159
-1.75792 0.598738
0.815969 0.39965
-0.905051 0.575959
1.3335 -0.173695
-0.45184 0.0443073
-0.53566 -0.292386
-0.0558075 -0.0549631
0.304865 -0.603724
-2.84461 -0.479054
-2.6085 0.0950274
-2.48637 -0.264817
1.65828 -0.468887
-2.57267 -0.112637
0.716641 0.222183
3.05738 0.245159
0.745964 -0.145806
1.52429 -0.0106906
0.390888 0.27393
2.90657 -0.179356
0.259614 -0.482677
0.945035 -0.032512
-0.794598 -0.00907819
-0.3224 0.0818602
-1.98315 0.0206774
0.549468 0.0928902
1.77408 0.164338
0.859139 -0.0803133
1.62259 0.176126
1.22581 0.300358
1.33664 0.388304
-2.38134 0.106521
1.73145 0.431375
0.866096 0.368258
1.50754 0.223574
-0.733736 -0.0983045
0.955877 0.296966
3.57168 -0.161547
2.81808 0.155886
-4.56971 0.38631
1.57202 0.626264
0.867512 0.454846
0.674848 -0.251093
-2.05827 -0.245896
-2.14786 0.123941
2.03128 -0.204621
-0.506691 0.184589
-1.45619 0.828988
-0.870407 -0.227796
1.0402 -0.292731
-1.81276 -0.335042
0.917599 -0.221082
0.945969 0.359953
0.0568932 -0.271079
0.69756 0.247315
-0.208869 0.317393
0.611827 -0.622837
-2.25482 0.0825993
-2.39067 -0.205888
-2.67265 -0.154639
-0.79271 0.528542
-1.49735 -0.470626
-0.222633 0.478083
-0.240665 -0.107083
0.114661 0.111987
2.06244 0.352861
-1.0685 -0.180485
-1.73939 -0.462573
-0.0364828 0.565584
0.649593 -0.203625
1.82534 -0.181746
-1.54451 -0.546365
1.64526 -0.481149
1.89291 0.216312
0.501947 0.564703
2.31903 0.265859
0.4525 -0.241674
-1.72834 0.052354
-0.406105 0.535025
0.0654773 0.156254
-0.168168 0.0453922
1.16549 0.27272
-0.361194 0.260057
-0.568452 -0.12422
0.173463 0.168533
2.26393 -0.028776
0.824459 -0.290778
1.34456 -0.233775
0.496134 0.562795
-2.34552 0.128303
-2.00096 -0.0368959
-2.49509 -0.562733
-1.47479 0.682612
0.519069 0.46491
-1.07088 0.304306
2.23105 -0.30962
-0.427405 -0.0108411
-0.709716 -0.24758
-0.734697 0.509379
