   -1.23012     0.38539
   -3.70792    -1.28736
   -1.33065    0.323757
   -2.21566   -0.266518
   0.477083     1.57716
   0.747517      1.5559
   -2.59334   -0.399386
   -2.15238    0.243582
   -1.68608   -0.998775
   -2.14498   -0.542864
   0.545102     1.37674
   -1.73935   0.0955662
   -1.56196    0.916018
   -1.46645   0.0487675
   -4.02801    -2.11406
   -1.35667    0.809605
   0.725767     2.11553
    -1.6226    0.640072
  -0.910777    0.959168
  -0.465736     1.05974
  -0.071328     1.12463
    -3.6927   -0.761989
   -1.94751 -0.00474548
   -1.94035   0.0780987
   -1.17307    0.432651
  -0.411285     1.52862
   0.439992     1.96768
    -4.0905    -1.28728
   -3.06381   -0.946129
   -2.24443    -1.07434
   0.898718     1.19943
   -2.77855    -1.41249
    1.21261     1.82305
  0.0786969     1.23963
   0.318455     1.58559
   -2.43952   -0.575763
    -3.9926    -1.52211
  -0.743783    0.864038
   -1.15644     1.52625
 -0.0226071  -0.0425081
     1.9989     1.85993
   0.421252     1.65392
   -1.07697    0.602319
   -2.77866    -0.23776
   -1.73285    0.329547
   -1.52537    0.167577
  -0.350595    0.749189
    -2.0533   0.0795843
   -1.98675   -0.137107
    1.35766     1.25411
   -1.37123   0.0817794
   -2.10499     0.22767
   -1.21859    0.858548
   -1.08917    0.353858
    -3.3113    -1.06916
   0.159073      1.2185
  -0.453748    0.790709
   -3.47546     -1.3216
   -3.14403     -1.0788
  -0.482221    0.926672
    1.23438     1.97169
  -0.773179    0.412709
    -3.1892    -1.44246
   -1.42842  -0.0409434
  -0.741445   -0.240086
   0.597829     1.27739
  -0.566735     1.27408
   -2.99523    -1.31873
   -1.93222    0.237507
    1.34076     1.77572
   -1.20612   -0.380462
      0.247     1.39639
   -0.52619    0.675935
   -1.57796    0.463858
   -1.44428    0.443032
   -0.59871    0.351504
   -1.23295    0.315311
    1.14576     2.00954
   -0.88854    0.437038
   0.405661     1.46275
   -1.73908   -0.206061
    1.01307     1.91261
   -2.03332    -0.15371
    1.32938     2.64229
    1.01378     1.63108
   0.206254     1.83262
   -1.09854    0.393581
  -0.982075    0.290743
  -0.274912    0.829887
   0.424653     1.33881
    1.72903     2.11756
  -0.592293    0.664197
   0.386345     1.19932
   -1.27595    0.148042
   -2.04507    -0.76171
-0.00730589    0.688741
   -2.67734   -0.873704
   -1.21832   -0.126265
   -3.14733   -0.686955
   -1.87155   0.0371806
   -1.42129    0.213664
   0.722159     1.46566
   -1.91017   -0.315113
  -0.121264    0.966047
  -0.978366    0.471543
   -2.10012   -0.390899
   -2.48199  -0.0535979
   -2.05167   -0.254766
   -2.31172    0.233243
   -2.96289    -1.15756
   -1.18257      0.4428
   -2.25707    0.508607
   -4.70075    -1.08045
   -2.50611   -0.895581
   -1.38879     1.22121
   -2.30196   -0.147378
   -2.39217   -0.971759
  -0.138815     1.14431
   0.603684      1.1827
  0.0392679    0.894547
   -1.29871     0.55088
   -2.39823   -0.367657
   -2.08616    -1.30004
   -3.30109    -1.15703
   0.930953     2.22119
   -2.65417   -0.861743
    -1.7414    0.235801
  0.0415114     1.34332
   -2.88489   -0.844854
   0.599229      1.4791
   0.350502     1.25462
   -2.81419   -0.829247
   -1.47257    0.292703
   -2.84718   -0.649557
   0.372336     1.39213
  -0.397639    0.960835
  -0.437996    0.515796
    1.57071     3.02242
   -1.37338  -0.0551335
   0.297333     1.10016
  -0.269937    0.854733
    -1.6313     0.32383
 -0.0232964     1.66723
   -2.36863    0.342012
    3.73777     3.84847
   -1.89646   -0.621658
   -1.61207   -0.194963
  -0.369448     1.56386
  -0.119826     1.28477
    -3.1934    -1.14492
  -0.570864     0.57206
   -1.03917    0.529815
   -1.06872    0.816677
  0.0100604    0.966497
   0.116425     1.21912
   0.341059     1.29963
   -3.00993   -0.501083
  -0.739317    0.465669
    1.20718     2.08488
   -1.13119   -0.669352
   -1.97422    0.321471
  -0.605819    0.540423
    2.03126     2.89114
   -2.48754   -0.981949
   -1.15274     1.08577
   -2.50292   -0.894663
   0.414507     1.84951
  -0.573409    0.598597
    -1.8871    0.583536
  -0.411569    0.261079
  -0.865135    0.168616
   -2.50077   -0.230537
   -4.39768     -2.2648
   -1.82238  -0.0407248
   -1.20092    0.713662
   -2.12057   0.0722995
   -3.05547    -1.10301
  -0.625394    0.158123
   0.458046     1.06054
  -0.987438    0.459283
   -1.15862    0.564319
   -1.77732   -0.456859
   -1.99345   0.0679947
   -1.05276    -0.53979
   -3.10492   -0.947732
   0.566216     1.26249
   -0.92203     1.18108
   -2.02678     0.16943
   0.272969     1.51358
   0.128674     2.01343
   -1.31897  -0.0197006
  -0.791968     1.45608
  -0.677536    0.588153
   -2.88572   -0.992834
   -2.27808   -0.935608
   0.398434     1.36631
   -0.46075     1.14984
 -0.0215651    0.932355
   -1.55736   -0.345723
  -0.556623     1.02622
   -1.36924   -0.546577
   0.665166     1.78601
   -1.44517   0.0717409
  -0.869999   -0.421953
   0.905582     1.61164
  -0.658504     0.85374
   -1.11151    0.228013
   -1.54874    0.137444
   0.888805     2.14853
  -0.877682    0.738692
   -1.33891    0.390606
   -1.94915   -0.328311
  -0.257394    0.904118
   0.839349     1.93287
 -0.0316336     1.20582
   -0.20862    0.714372
  -0.665622    0.770333
   -1.31458      0.8556
   -1.32136    0.665176
  -0.760771    0.960445
  -0.558725    0.467156
   -2.76267   -0.296199
   -4.35911    -2.36416
  -0.913296     1.03449
   -2.44863   -0.400449
  -0.997255    0.328096
   -2.19478   -0.344015
  0.0556115       1.545
   -1.99048   -0.456127
   -3.75724    -2.22746
 -0.0790666    0.785758
   -1.53547   -0.260979
   -1.47506  -0.0735506
   -2.08052   -0.471504
   -1.60489   0.0268362
    1.09042     1.90516
   -1.61463  -0.0496883
   -2.17644   -0.104699
   0.774361     1.93635
   -1.60571      1.0797
  -0.363045    0.456717
   -2.15249 -0.00476062
    1.74254     2.95879
    -1.0588     0.27129
    1.64926     1.76108
   -2.41999   -0.419577
   -4.88681    -2.67754
  -0.965991     0.58027
   -2.37191    0.188126
    0.23952    0.981756
  -0.870331    0.589582
   0.858824     1.53396
  -0.430461     1.21118
   -1.63481    0.457836
   -2.96723    -1.40131
   -2.29028    0.170706
   -1.73035   0.0425784
   -2.48158   -0.750388
   -2.45935   -0.687791
   -1.04379     0.32725
  -0.989528    0.150565
   0.199895     1.34496
   0.130085      1.6516
   0.605425     1.99167
   -1.89049    -0.19229
    0.48893     1.35446
   0.367854     1.40626
   -1.70283   0.0650435
   -1.77726   -0.158041
   -1.96585      0.2693
   -1.34833     0.19668
    1.57597     2.35015
   0.204719      1.2985
   -1.83767   -0.178796
   0.480872     1.42344
    -2.4855   -0.672786
   0.482384    0.662595
   -1.10095    0.306521
  -0.511531    0.745815
   -3.47449    -1.59847
    -1.9229   -0.626383
   0.724013     1.02872
   -2.18861   0.0539774
   -1.47153   -0.299068
   0.774696     2.14765
  -0.856018     0.86863
     1.1064     2.28727
    -1.7538   0.0155063
   -3.53575    -1.46841
  -0.119067     1.16897
  -0.778473    0.225619
  -0.793101    0.806853
  0.0154497     1.33792
   -2.96482   -0.428495
   0.452433      1.0659
    1.86398     2.20814
   0.598162     1.43056
   0.645427     2.06809
   -1.21465    0.423732
    1.30823     1.54702
    1.13759     2.04244
   0.336934     1.37589
   -1.96184   -0.566446
   -2.07433  -0.0364923
  -0.521096     1.36977
  -0.567842    -0.13236
  -0.857708    0.564529
   -3.33457    -1.18798
   0.194688     1.01825
    1.75554     2.29383
  -0.743992    0.934257
  -0.186751    0.917484
   -1.59886    0.527372
   -1.95539  -0.0865679
   -1.89173  -0.0330555
   -2.08511  -0.0263173
   -2.03122   -0.316204
   -1.05386     0.62318
   -3.53467    -1.06388
   0.582319      1.5119
   -2.68291   -0.896808
   -1.68344    0.187142
   -2.14403   -0.731915
  -0.847396    0.883186
   -2.18574   -0.650799
   -1.79706   -0.176637
   -1.79617  -0.0252172
   0.227173    0.587471
     -2.397   -0.398225
  -0.196124     1.58341
    0.50379     1.88969
  -0.900812     1.24375
    1.14391      2.0335
  -0.958967    0.698025
   -1.16167    0.117425
    1.11606     1.99039
   -1.33563   -0.415815
  -0.169233    0.211672
   -2.36528   -0.396892
     -1.492    0.133315
   -1.98672    -0.33619
    2.36791      1.9011
  -0.721355     1.16522
   -1.05019    0.799929
   -0.79927    0.707259
   0.083491     1.55634
    1.08232     2.23803
  -0.982202    0.815713
  -0.528138    0.510955
  -0.245168     1.60789
   -2.44059   -0.940677
  0.0366003     1.99374
   0.562035     1.85617
   -1.13926    0.721927
    2.22599     2.21457
    1.45074     2.82915
    1.12215     1.85368
    -1.9661   -0.198278
   -2.82565   -0.781862
  -0.845806     1.37608
   -1.08678   -0.361365
   -1.29218  -0.0932783
   0.846654     1.49278
  -0.644524    0.560174
   -2.12752   -0.406654
    1.95433     2.62463
   -0.99512  -0.0665153
   -1.12465    0.054822
  -0.851918    0.214699
   -2.04162   -0.792054
   -1.96023   -0.657923
  -0.748185     0.38743
  -0.405556     1.04216
  -0.928747    0.758276
  -0.594523    0.729597
   0.289554     1.38698
   0.520299     0.83868
   -1.73066 -0.00329987
   -2.16693    0.120521
  -0.769536    0.990571
   0.302959     1.29277
   0.331183     1.95852
    -1.0263    0.382848
  -0.832531    0.892342
   -0.65146    0.856284
  -0.454219    0.821264
    1.75111     2.09598
  -0.663156    0.739188
  -0.816704    0.821167
    2.05101      2.0548
   -1.45836    0.392965
   -3.78423    -1.42203
   -1.71437    0.106176
   -2.19706   -0.811871
   -3.26029    -1.48503
   -3.39884    -1.28156
    1.10267     1.92746
   -1.19726    0.263104
    1.87097     3.30474
  -0.557115    0.590113
  -0.270478    0.657982
   -1.38766    0.515232
   -2.75891  -0.0462296
   -0.55939     1.30531
   -2.05547    0.436554
   0.196281     1.14556
   -1.37634     0.27274
   -1.24629  -0.0489357
  -0.997573    0.425161
   -0.38326    0.193121
   -3.00475    -1.55689
   -3.15109   -0.953647
    -2.8408    -1.17302
    0.63254     1.09759
   -3.00006    -1.10061
  -0.535462     1.10335
    1.34491     2.49754
  -0.295478    0.822845
   0.254855     1.38957
  -0.829438     0.95378
    1.47237     2.06544
  -0.491009    0.264467
  -0.200991      1.0315
   -1.62229   0.0281146
   -1.29368    0.379193
   -2.60143   -0.646299
  -0.594738    0.900496
   0.354097     1.67798
  -0.242397    0.942345
   0.224599     1.59849
  -0.169437     1.46583
  -0.131447     1.60212
   -2.97405    -0.81085
   0.162679     1.86899
  -0.500384     1.30937
   0.103632     1.56927
   -1.52061 -0.00831023
  -0.385846     1.30445
    2.00004     2.47072
    1.20376     2.28468
   -4.90907    -1.87053
 -0.0808471     1.93298
  -0.550124     1.38026
  -0.291142    0.695864
   -2.50555   -0.906129
   -2.79538   -0.659544
   0.779027     1.53061
   -1.50316    0.354007
   -2.65009    0.317388
   -1.55509     -0.1934
  0.0289328    0.876886
   -2.25452   -0.833975
  -0.112371    0.862805
  -0.430878     1.34959
  -0.779381    0.316535
   -0.56567     1.11247
   -1.34024    0.636481
  -0.123666    0.358052
   -2.85762   -0.755848
     -2.798     -1.0691
   -3.05627    -1.19335
   -1.93671     0.46421
   -1.91964   -0.758313
   -1.44581    0.758406
   -1.11651    0.274354
  -0.957761     0.66042
   0.476622     1.99998
   -1.74317   -0.271536
   -2.12021   -0.894042
   -1.34662    0.938599
  -0.339472    0.719429
   0.598958     1.42809
   -1.91329    -0.84731
   0.629214     1.08002
   0.419703     1.78987
  -0.910462     1.25431
   0.735357     2.08038
  -0.476578    0.572816
   -2.41388   -0.470923
   -1.62772    0.696655
   -1.02357    0.667332
   -1.14746    0.440326
  -0.201998     1.40802
   -1.42979    0.500573
   -1.37165   0.0678555
  -0.943416    0.740728
   0.863925     1.80961
  -0.146771    0.751679
   0.240538     1.10345
  -0.914044     1.24935
   -2.95787   -0.772176
     -2.582   -0.703344
   -2.67278    -1.41919
   -2.57912    0.188024
  -0.837962     1.18363
      -2.03    0.119305
    1.00237     1.56306
   -1.32416     0.24248
   -1.41345   -0.114972
   -1.87851    0.482798
