49 49 10023.6 i
30.14 4.48507 1730.96 i
27.5292 -0.653531 341.048 i
26.1816 -2.64437 106.2 i
25.357 -3.35012 64.7199 i
24.7524 -3.53266 55.6922 i
24.2439 -3.50358 52.1875 i
23.7805 -3.39026 49.6957 i
23.3414 -3.24479 47.4584 i
22.9179 -3.08839 45.3449 i
22.5062 -2.92971 43.3296 i
22.1047 -2.77223 41.4048 i
21.7127 -2.61732 39.566 i
21.3296 -2.46552 37.8092 i
20.9553 -2.31697 36.1307 i
20.5894 -2.17171 34.527 i
20.2318 -2.0297 32.9949 i
19.8823 -1.89087 31.5311 i
19.5406 -1.75517 30.1325 i
19.2067 -1.62253 28.7963 i
18.8802 -1.49288 27.5197 i
18.5612 -1.36616 26.3 i
18.2493 -1.24229 25.1347 i
17.9445 -1.12121 24.0214 i
17.6465 -1.00286 22.9576 i
17.3553 -0.887186 21.9414 i
17.0706 -0.774117 20.9704 i
16.7923 -0.663597 20.0427 i
16.5204 -0.555568 19.1564 i
16.2545 -0.449976 18.3096 i
15.9947 -0.346765 17.5006 i
15.7407 -0.245881 16.7276 i
15.4924 -0.147271 15.9891 i
15.2497 -0.0508855 15.2836 i
15.0125 0.043327 14.6095 i
14.7807 0.135415 13.9654 i
14.5541 0.225427 13.3501 i
14.3325 0.313409 12.7622 i
14.116 0.399407 12.2005 i
13.9044 0.483466 11.6639 i
13.6975 0.56563 11.1512 i
13.4953 0.645941 10.6613 i
13.2977 0.724441 10.1933 i
13.1045 0.801171 9.74618 i
12.9157 0.876171 9.31898 i
12.7311 0.94948 8.91082 i
12.5507 1.02114 8.52087 i
12.3744 1.09118 8.1483 i
12.202 1.15964 7.79235 i
12.0335 1.22655 7.45226 i
11.8688 1.29196 7.12734 i
11.7079 1.3559 6.81691 i
11.5505 1.41839 6.52032 i
11.3967 1.47947 6.23695 i
11.2464 1.53918 5.96622 i
11.0995 1.59753 5.70756 i
10.9559 1.65458 5.46043 i
10.8155 1.71033 5.22433 i
10.6783 1.76483 4.99875 i
10.5442 1.81811 4.78323 i
10.4131 1.87018 4.57731 i
10.2849 1.92107 4.38058 i
10.1597 1.97082 4.19262 i
10.0373 2.01944 4.01304 i
9.91758 2.06697 3.84147 i
9.80062 2.11343 3.67755 i
9.68629 2.15884 3.52094 i
9.57453 2.20323 3.37131 i
9.4653 2.24662 3.22835 i
9.35853 2.28902 3.09177 i
9.25417 2.33048 2.96128 i
9.15216 2.37099 2.8366 i
9.05245 2.41059 2.71749 i
8.95499 2.4493 2.60368 i
8.85973 2.48714 2.49495 i
8.76661 2.52413 2.39107 i
8.6756 2.56028 2.29182 i
8.58664 2.59561 2.197 i
8.49968 2.63015 2.1064 i
8.41468 2.66391 2.01984 i
8.3316 2.69691 1.93714 i
8.2504 2.72916 1.85813 i
8.17102 2.76069 1.78265 i
8.09344 2.7915 1.71053 i
8.0176 2.82162 1.64162 i
7.94348 2.85107 1.57579 i
7.87102 2.87984 1.51289 i
7.8002 2.90797 1.4528 i
7.73098 2.93547 1.39538 i
7.66331 2.96234 1.34053 i
7.59718 2.98861 1.28812 i
7.53253 3.01429 1.23805 i
7.46934 3.03939 1.19021 i
7.40758 3.06392 1.1445 i
7.34721 3.0879 1.10084 i
7.2882 3.11134 1.05912 i
7.23052 3.13425 1.01925 i
7.17414 3.15664 0.981171 i
7.11903 3.17853 0.944786 i
7.06517 3.19992 0.910023 i
7.01252 3.22083 0.876811 i
6.96105 3.24127 0.845079 i
6.91075 3.26125 0.814762 i
6.86158 3.28078 0.785797 i
6.81352 3.29987 0.758123 i
6.76654 3.31853 0.731683 i
6.72063 3.33677 0.706422 i
6.67575 3.35459 0.682288 i
6.63188 3.37202 0.659229 i
6.589 3.38905 0.637199 i
6.54708 3.4057 0.616151 i
6.50611 3.42197 0.596042 i
6.46607 3.43787 0.576829 i
6.42693 3.45342 0.558473 i
6.38867 3.46862 0.540935 i
6.35127 3.48347 0.524179 i
6.31472 3.49799 0.508171 i
6.27899 3.51218 0.492876 i
6.24407 3.52605 0.478263 i
6.20993 3.53961 0.464302 i
6.17657 3.55286 0.450963 i
6.14395 3.56582 0.438219 i
6.11207 3.57848 0.426044 i
6.08091 3.59085 0.414411 i
6.05046 3.60295 0.403297 i
6.02069 3.61478 0.392678 i
5.99159 3.62633 0.382533 i
5.96314 3.63763 0.37284 i
5.93534 3.64867 0.363579 i
5.90817 3.65947 0.354732 i
5.88161 3.67002 0.346278 i
5.85564 3.68033 0.338202 i
5.83027 3.69041 0.330486 i
5.80546 3.70026 0.323114 i
5.78122 3.70989 0.316071 i
5.75752 3.7193 0.309341 i
5.73435 3.7285 0.302912 i
5.71171 3.7375 0.296769 i
5.68958 3.74629 0.290901 i
5.66794 3.75488 0.285294 i
5.6468 3.76328 0.279936 i
5.62613 3.77149 0.274818 i
5.60593 3.77951 0.269928 i
5.58618 3.78736 0.265256 i
5.56688 3.79502 0.260793 i
5.54801 3.80252 0.256528 i
5.52957 3.80984 0.252454 i
5.51155 3.817 0.248561 i
5.49393 3.824 0.244842 i
5.47671 3.83084 0.241288 i
5.45987 3.83752 0.237893 i
5.44342 3.84406 0.23465 i
5.42734 3.85045 0.231551 i
5.41162 3.85669 0.22859 i
5.39625 3.86279 0.225761 i
5.38123 3.86876 0.223059 i
5.36655 3.87459 0.220477 i
5.3522 3.88029 0.21801 i
5.33818 3.88586 0.215653 i
5.32447 3.8913 0.213401 i
5.31107 3.89663 0.211249 i
5.29797 3.90183 0.209194 i
5.28517 3.90691 0.20723 i
5.27265 3.91189 0.205353 i
5.26042 3.91674 0.203561 i
5.24846 3.92149 0.201848 i
5.23678 3.92613 0.200212 i
