-50 6949.34
-49 6684.76
-48 6425.32
-47 6171
-46 5921.83
-45 5677.79
-44 5438.88
-43 5205.11
-42 4976.48
-41 4752.98
-40 4534.61
-39 4321.38
-38 4113.29
-37 3910.33
-36 3712.5
-35 3519.81
-34 3332.26
-33 3149.84
-32 2972.55
-31 2800.4
-30 2633.39
-29 2471.51
-28 2314.76
-27 2163.15
-26 2016.67
-25 1875.33
-24 1739.13
-23 1608.06
-22 1482.12
-21 1361.32
-20 1245.66
-19 1135.13
-18 1029.73
-17 929.472
-16 834.346
-15 744.356
-14 659.501
-13 579.78
-12 505.195
-11 435.745
-10 371.43
-9 312.249
-8 258.204
-7 209.294
-6 165.518
-5 126.878
-4 93.3729
-3 65.0026
-2 41.7673
-1 23.667
0 10.7018
1 2.87147
2 0.176185
3 2.6159
4 10.1906
5 22.9003
6 40.745
7 63.7248
8 91.8395
9 125.089
10 163.474
11 206.994
12 255.648
13 309.438
14 368.363
15 432.422
16 501.617
17 575.947
18 655.412
19 740.011
20 829.746
21 924.616
22 1024.62
23 1129.76
24 1240.03
25 1355.44
26 1475.99
27 1601.67
28 1732.48
29 1868.43
30 2009.52
31 2155.74
32 2307.09
33 2463.58
34 2625.21
35 2791.97
36 2963.86
37 3140.89
38 3323.06
39 3510.36
40 3702.79
41 3900.36
42 4103.06
43 4310.9
44 4523.88
45 4741.99
46 4965.23
47 5193.61
48 5427.13
49 5665.78
