156 497 571 586 268 553 274 62 133 561 553 18 0 21 552 526 309 45 369 421 97 539 593 406 15 
1 0 0 0 0 0 0 0 0 0 
229 660 777 815 197 791 209 0 123 856 802 1 0 16 783 819 56 1 640 292 217 822 836 388 0 
1 0 0 0 0 0 0 0 0 0 
23 367 509 513 126 434 383 133 207 508 531 279 0 0 452 512 540 110 230 531 60 255 609 515 129 
1 0 0 0 0 0 0 0 0 0 
169 585 694 665 106 664 245 1 250 681 635 2 0 0 536 610 249 0 212 684 68 722 733 684 129 
1 0 0 0 0 0 0 0 0 0 
114 551 688 686 313 542 358 9 73 692 652 32 0 43 661 656 71 125 603 309 257 683 594 181 0 
1 0 0 0 0 0 0 0 0 0 
66 476 592 586 171 426 380 67 185 600 634 57 0 0 489 356 354 0 117 561 15 536 585 642 199 
1 0 0 0 0 0 0 0 0 0 
99 604 685 665 171 560 279 10 160 675 717 61 0 0 559 214 576 15 326 576 0 391 709 604 28 
1 0 0 0 0 0 0 0 0 0 
32 353 583 605 240 508 386 65 102 595 474 5 0 0 478 552 282 18 253 604 399 591 634 545 108 
1 0 0 0 0 0 0 0 0 0 
225 686 650 614 152 594 117 7 308 648 618 308 0 6 656 180 617 108 594 419 0 469 660 285 0 
1 0 0 0 0 0 0 0 0 0 
198 700 680 699 403 682 210 1 103 680 731 2 0 0 505 458 301 0 277 607 27 663 697 562 86 
1 0 0 0 0 0 0 0 0 0 
96 99 99 99 96 128 132 132 132 128 128 132 132 132 128 128 132 132 132 128 128 132 132 132 128 
0 1 0 0 0 0 0 0 0 0 
0 0 0 72 102 0 0 58 188 192 186 192 192 192 192 186 192 192 192 163 186 192 186 74 0 
0 1 0 0 0 0 0 0 0 0 
136 111 105 105 105 136 140 140 140 140 136 140 140 140 140 136 140 140 140 140 136 140 140 140 140 
0 1 0 0 0 0 0 0 0 0 
96 99 112 61 2 192 198 198 198 113 192 198 198 198 198 160 165 175 198 198 0 0 11 138 198 
0 1 0 0 0 0 0 0 0 0 
191 21 0 0 0 317 279 76 0 0 102 338 332 189 23 0 97 314 341 304 0 0 34 217 341 
0 1 0 0 0 0 0 0 0 0 
33 34 34 34 46 165 170 170 170 167 165 170 170 170 170 165 170 170 170 170 132 136 136 136 163 
0 1 0 0 0 0 0 0 0 0 
68 102 93 93 93 150 155 155 155 155 150 155 155 155 155 150 155 155 155 155 125 69 62 62 116 
0 1 0 0 0 0 0 0 0 0 
0 0 15 136 268 0 35 277 330 319 105 309 324 213 107 307 315 79 0 0 192 45 0 0 0 
0 1 0 0 0 0 0 0 0 0 
316 107 0 0 0 374 381 206 16 0 9 278 385 345 183 0 16 200 377 378 0 0 0 64 246 
0 1 0 0 0 0 0 0 0 0 
170 29 0 0 0 276 273 214 153 94 276 282 282 282 282 234 282 282 282 282 7 118 186 266 282 
0 1 0 0 0 0 0 0 0 0 
0 0 0 79 766 675 70 239 762 553 405 638 512 352 425 0 0 0 296 361 0 0 0 427 235 
0 0 1 0 0 0 0 0 0 0 
34 0 0 0 554 531 0 0 131 650 485 0 0 495 554 603 125 308 433 514 259 556 499 73 483 
0 0 1 0 0 0 0 0 0 0 
20 0 0 143 472 482 52 226 531 266 334 466 423 459 129 0 0 17 500 22 0 0 163 398 0 
0 0 1 0 0 0 0 0 0 0 
367 57 0 62 411 414 53 15 356 456 379 445 426 437 366 3 45 39 283 264 0 0 0 421 162 
0 0 1 0 0 0 0 0 0 0 
465 1 0 0 451 524 0 0 371 603 524 0 180 619 453 610 257 574 241 381 278 440 91 243 339 
0 0 1 0 0 0 0 0 0 0 
454 100 0 0 0 590 42 0 93 553 582 336 275 575 599 109 253 225 316 493 0 0 0 344 386 
0 0 1 0 0 0 0 0 0 0 
623 21 0 0 0 695 16 59 464 676 343 549 545 629 433 0 0 77 655 87 0 0 371 391 0 
0 0 1 0 0 0 0 0 0 0 
390 6 0 119 475 448 437 346 492 413 34 134 122 420 162 0 0 77 449 15 0 0 271 264 0 
0 0 1 0 0 0 0 0 0 0 
100 0 0 57 535 474 0 13 458 587 497 438 471 452 439 62 228 216 262 344 0 0 0 344 200 
0 0 1 0 0 0 0 0 0 0 
486 144 0 0 152 639 5 0 263 675 677 375 418 759 342 109 280 272 562 162 0 0 0 604 23 
0 0 1 0 0 0 0 0 0 0 
282 31 367 0 105 420 186 409 0 454 492 546 461 86 473 139 275 384 422 198 0 0 239 531 17 
0 0 0 1 0 0 0 0 0 0 
387 54 646 0 0 779 659 692 0 48 373 492 590 0 784 0 0 645 382 527 0 0 647 748 6 
0 0 0 1 0 0 0 0 0 0 
440 0 0 0 0 444 25 506 0 88 559 322 550 0 528 392 604 561 122 566 0 0 342 712 271 
0 0 0 1 0 0 0 0 0 0 
300 29 650 0 0 566 428 685 0 299 796 768 540 52 742 0 0 562 537 228 0 0 718 660 0 
0 0 0 1 0 0 0 0 0 0 
440 150 500 0 103 759 715 494 0 684 467 324 494 238 466 0 26 520 703 49 0 44 939 294 0 
0 0 0 1 0 0 0 0 0 0 
380 0 0 0 0 400 0 0 0 397 426 43 392 1 549 484 275 601 310 336 305 650 317 553 66 
0 0 0 1 0 0 0 0 0 0 
0 0 363 24 0 0 102 534 0 0 325 417 500 0 425 321 307 411 199 499 0 0 291 492 238 
0 0 0 1 0 0 0 0 0 0 
500 0 104 0 0 565 152 647 2 0 451 516 608 1 503 0 0 500 328 478 0 0 546 545 29 
0 0 0 1 0 0 0 0 0 0 
0 0 78 480 0 0 0 488 506 0 380 169 488 446 234 708 638 98 562 607 207 198 0 587 460 
0 0 0 1 0 0 0 0 0 0 
497 0 0 0 0 489 25 393 0 0 540 442 556 0 553 520 515 565 46 637 0 0 332 759 277 
0 0 0 1 0 0 0 0 0 0 
30 426 756 230 0 518 448 357 273 0 167 165 605 327 288 480 495 754 431 429 0 8 593 0 0 
0 0 0 0 1 0 0 0 0 0 
68 477 878 78 0 670 332 545 90 0 180 204 612 276 217 420 476 772 539 522 0 0 581 38 0 
0 0 0 0 1 0 0 0 0 0 
248 857 967 46 0 736 213 512 66 0 280 390 714 426 380 280 390 793 398 380 0 0 643 0 0 
0 0 0 0 1 0 0 0 0 0 
61 506 929 126 0 703 357 355 308 0 168 210 450 529 406 392 490 712 603 366 0 0 561 126 0 
0 0 0 0 1 0 0 0 0 0 
28 498 1136 193 0 883 435 529 210 0 76 123 568 383 261 477 680 956 802 604 0 0 701 109 0 
0 0 0 0 1 0 0 0 0 0 
6 286 843 408 0 778 536 232 420 0 204 629 684 809 564 36 111 491 375 235 0 0 623 41 0 
0 0 0 0 1 0 0 0 0 0 
38 541 912 315 0 710 283 255 383 0 9 0 278 369 0 220 720 888 863 694 0 0 637 68 165 
0 0 0 0 1 0 0 0 0 0 
41 684 722 0 0 731 250 561 0 0 354 520 888 722 741 218 269 657 38 38 0 19 587 0 0 
0 0 0 0 1 0 0 0 0 0 
84 625 868 385 0 684 258 73 499 0 182 333 369 657 337 220 407 521 693 474 0 0 237 376 0 
0 0 0 0 1 0 0 0 0 0 
0 0 0 0 0 0 0 0 0 0 0 0 0 0 0 0 0 0 0 0 0 0 0 0 0 
0 0 0 0 1 0 0 0 0 0 
65 304 313 0 459 612 613 534 8 506 45 399 365 308 393 0 406 174 596 178 0 360 0 8 0 
0 0 0 0 0 1 0 0 0 0 
390 405 178 0 0 270 220 261 0 194 381 60 319 32 414 383 29 399 294 288 326 0 340 395 67 
0 0 0 0 0 1 0 0 0 0 
576 674 575 0 0 67 451 520 0 420 0 503 520 72 624 54 531 355 648 349 68 439 30 266 51 
0 0 0 0 0 1 0 0 0 0 
357 469 512 0 0 245 504 477 0 501 94 449 420 26 532 216 324 429 251 405 42 68 329 594 161 
0 0 0 0 0 1 0 0 0 0 
0 15 60 60 60 0 43 66 66 66 5 65 66 66 62 32 66 66 66 55 36 66 66 66 23 
0 0 0 0 0 1 0 0 0 0 
0 14 98 98 70 0 29 105 105 86 0 70 105 105 59 39 105 105 105 35 60 100 100 67 2 
0 0 0 0 0 1 0 0 0 0 
765 769 144 0 305 437 493 180 0 572 434 301 180 216 548 351 247 371 596 41 0 86 803 377 0 
0 0 0 0 0 1 0 0 0 0 
465 480 441 0 175 155 479 415 0 451 0 410 414 25 460 10 419 375 405 479 59 383 44 398 250 
0 0 0 0 0 1 0 0 0 0 
522 447 420 12 0 216 523 472 18 264 0 437 342 26 534 3 461 350 366 430 3 349 129 597 262 
0 0 0 0 0 1 0 0 0 0 
589 608 380 0 48 247 240 400 0 489 300 156 400 21 552 337 119 507 245 371 80 20 421 631 121 
0 0 0 0 0 1 0 0 0 0 
130 484 602 583 415 639 312 504 120 550 28 0 406 98 425 0 0 328 325 552 0 0 168 603 332 
0 0 0 0 0 0 1 0 0 0 
0 189 449 480 262 37 490 488 230 501 279 265 448 3 434 526 31 422 179 502 80 0 269 484 343 
0 0 0 0 0 0 1 0 0 0 
6 339 538 512 333 245 608 375 140 565 563 215 409 0 420 84 3 495 216 505 0 0 179 535 399 
0 0 0 0 0 0 1 0 0 0 
0 333 591 581 388 357 566 476 167 582 505 64 360 47 405 0 0 369 287 571 0 0 207 666 384 
0 0 0 0 0 0 1 0 0 0 
0 336 583 576 322 337 619 601 154 560 529 62 463 87 491 0 0 313 289 508 0 0 139 692 532 
0 0 0 0 0 0 1 0 0 0 
0 1 384 526 269 0 248 464 191 545 92 594 146 0 422 353 401 415 331 545 405 60 462 365 209 
0 0 0 0 0 0 1 0 0 0 
0 10 338 610 448 4 474 668 184 566 391 524 536 10 422 479 26 385 334 619 0 0 74 631 279 
0 0 0 0 0 0 1 0 0 0 
0 4 318 805 381 92 660 872 183 684 724 264 376 308 534 108 0 130 593 632 0 0 0 833 113 
0 0 0 0 0 0 1 0 0 0 
11 398 731 622 348 586 546 734 100 699 326 0 603 0 599 0 0 565 232 623 0 0 193 847 174 
0 0 0 0 0 0 1 0 0 0 
21 450 689 666 450 633 510 517 35 592 244 1 527 0 467 0 0 481 253 654 0 0 169 723 162 
0 0 0 0 0 0 1 0 0 0 
460 0 0 0 0 460 0 0 0 0 460 0 0 0 8 532 58 436 643 788 617 753 430 245 72 
0 0 0 0 0 0 0 1 0 0 
505 0 0 0 0 532 0 0 0 0 491 0 0 0 0 460 61 51 357 565 353 683 669 415 225 
0 0 0 0 0 0 0 1 0 0 
320 0 0 0 0 320 0 0 0 0 384 0 0 93 264 411 164 205 448 394 323 442 423 146 5 
0 0 0 0 0 0 0 1 0 0 
320 0 0 0 0 337 0 0 0 0 397 76 0 5 102 233 389 109 366 448 20 385 448 281 125 
0 0 0 0 0 0 0 1 0 0 
558 66 0 0 0 631 7 0 0 0 663 0 0 0 0 628 0 0 0 0 772 660 660 660 717 
0 0 0 0 0 0 0 1 0 0 
420 0 0 0 0 420 0 0 0 0 420 0 0 6 0 521 109 341 582 590 351 607 408 177 35 
0 0 0 0 0 0 0 1 0 0 
540 0 0 0 0 540 0 0 0 0 574 0 0 0 0 602 0 0 0 0 733 680 680 680 699 
0 0 0 0 0 0 0 1 0 0 
614 9 0 0 0 651 0 0 0 0 666 0 0 0 0 665 0 17 153 236 760 612 643 502 428 
0 0 0 0 0 0 0 1 0 0 
416 0 0 0 0 484 0 0 0 0 476 0 0 0 0 441 10 123 217 350 618 651 594 478 410 
0 0 0 0 0 0 0 1 0 0 
459 0 0 0 0 485 0 0 0 0 484 0 0 0 0 512 74 74 74 173 633 666 666 666 642 
0 0 0 0 0 0 0 1 0 0 
464 789 593 0 0 729 105 610 333 250 697 747 867 432 738 18 172 433 272 676 0 0 104 804 498 
0 0 0 0 0 0 0 0 1 0 
556 779 421 0 0 674 39 562 56 55 625 147 656 732 795 348 737 489 469 656 0 0 0 673 552 
0 0 0 0 0 0 0 0 1 0 
478 704 263 474 412 583 149 803 395 640 542 137 727 0 559 606 717 630 219 517 186 204 158 798 198 
0 0 0 0 0 0 0 0 1 0 
298 636 237 0 0 490 154 558 239 149 519 107 634 497 637 646 656 489 457 607 290 2 12 515 476 
0 0 0 0 0 0 0 0 1 0 
611 797 324 0 0 597 76 643 96 52 783 481 795 745 767 123 255 231 695 581 0 0 0 352 825 
0 0 0 0 0 0 0 0 1 0 
548 735 172 0 0 683 144 718 529 420 672 778 794 189 691 74 120 331 370 709 0 0 55 719 617 
0 0 0 0 0 0 0 0 1 0 
259 849 249 0 0 518 104 579 98 34 609 86 765 689 691 771 702 629 272 516 244 285 65 750 804 
0 0 0 0 0 0 0 0 1 0 
585 570 42 14 8 528 362 645 730 539 676 429 644 41 588 455 543 524 282 491 122 52 169 652 310 
0 0 0 0 0 0 0 0 1 0 
718 743 151 0 0 824 271 616 2 4 451 607 700 762 759 1 470 555 392 622 0 0 30 686 654 
0 0 0 0 0 0 0 0 1 0 
276 612 63 3 1 569 351 580 699 441 519 76 684 86 598 583 503 629 185 577 388 515 215 687 336 
0 0 0 0 0 0 0 0 1 0 
277 604 555 28 0 560 212 428 131 0 553 9 456 124 0 509 485 429 0 0 466 638 658 640 640 
0 0 0 0 0 0 0 0 0 1 
156 486 496 168 0 488 331 285 275 0 404 0 238 266 0 394 228 564 141 128 306 562 558 558 558 
0 0 0 0 0 0 0 0 0 1 
350 730 404 0 0 638 57 639 0 0 530 0 492 0 0 558 317 599 0 0 311 708 708 717 700 
0 0 0 0 0 0 0 0 0 1 
322 657 175 0 0 598 291 329 0 0 534 371 225 0 0 447 739 554 504 504 176 333 214 216 216 
0 0 0 0 0 0 0 0 0 1 
3 720 762 0 0 529 413 587 95 0 749 0 604 99 0 565 692 675 18 0 121 755 955 933 887 
0 0 0 0 0 0 0 0 0 1 
118 490 364 0 0 494 271 462 0 0 396 34 452 0 0 458 401 445 64 92 343 583 577 576 574 
0 0 0 0 0 0 0 0 0 1 
211 581 269 0 0 522 196 424 0 0 367 92 409 0 0 500 532 341 165 165 343 501 495 495 495 
0 0 0 0 0 0 0 0 0 1 
322 473 291 0 0 414 182 453 4 0 347 187 403 0 0 440 482 247 76 58 255 421 483 493 493 
0 0 0 0 0 0 0 0 0 1 
327 735 75 0 0 631 378 276 0 0 453 419 247 0 0 571 717 6 0 0 267 823 793 725 714 
0 0 0 0 0 0 0 0 0 1 
338 593 604 55 0 509 69 429 94 0 469 126 470 10 0 492 523 136 0 0 314 609 600 600 600 
0 0 0 0 0 0 0 0 0 1 
