0.233883 0.745127 0.856072 0.878561 0.401799 0.829085 0.410795 0.0929535 0.1994 0.841079 0.829085 0.0269865 0 0.0314843 0.827586 0.788606 0.463268 0.0674663 0.553223 0.631184 0.145427 0.808096 0.889055 0.608696 0.0224888 
1 0 0 0 0 0 0 0 0 0 
0.2041 0.588235 0.692513 0.726381 0.175579 0.704991 0.186275 0 0.109626 0.762923 0.714795 0.000891266 0 0.0142602 0.697861 0.729947 0.0499109 0.000891266 0.57041 0.26025 0.193405 0.73262 0.745098 0.345811 0 
1 0 0 0 0 0 0 0 0 0 
0.0377668 0.602627 0.835796 0.842365 0.206897 0.712644 0.6289 0.218391 0.339901 0.834154 0.871921 0.458128 0 0 0.7422 0.840723 0.886699 0.180624 0.377668 0.871921 0.0985222 0.418719 1 0.845649 0.211823 
1 0 0 0 0 0 0 0 0 0 
0.19697 0.681818 0.808858 0.775058 0.123543 0.773893 0.285548 0.0011655 0.291375 0.793706 0.740093 0.002331 0 0 0.624709 0.710956 0.29021 0 0.247086 0.797203 0.0792541 0.841492 0.854312 0.797203 0.15035 
1 0 0 0 0 0 0 0 0 0 
0.136201 0.658303 0.821983 0.819594 0.373955 0.647551 0.427718 0.0107527 0.0872163 0.826762 0.778973 0.0382318 0 0.051374 0.789725 0.783751 0.0848268 0.149343 0.72043 0.369176 0.307049 0.81601 0.709677 0.216249 0 
1 0 0 0 0 0 0 0 0 0 
0.0956522 0.689855 0.857971 0.849275 0.247826 0.617391 0.550725 0.0971014 0.268116 0.869565 0.918841 0.0826087 0 0 0.708696 0.515942 0.513043 0 0.169565 0.813043 0.0217391 0.776812 0.847826 0.930435 0.288406 
1 0 0 0 0 0 0 0 0 0 
0.12375 0.755 0.85625 0.83125 0.21375 0.7 0.34875 0.0125 0.2 0.84375 0.89625 0.07625 0 0 0.69875 0.2675 0.72 0.01875 0.4075 0.72 0 0.48875 0.88625 0.755 0.035 
1 0 0 0 0 0 0 0 0 0 
0.047976 0.529235 0.874063 0.907046 0.35982 0.761619 0.578711 0.0974513 0.152924 0.892054 0.710645 0.00749625 0 0 0.716642 0.827586 0.422789 0.0269865 0.37931 0.905547 0.598201 0.886057 0.950525 0.817091 0.161919 
1 0 0 0 0 0 0 0 0 0 
0.28125 0.8575 0.8125 0.7675 0.19 0.7425 0.14625 0.00875 0.385 0.81 0.7725 0.385 0 0.0075 0.82 0.225 0.77125 0.135 0.7425 0.52375 0 0.58625 0.825 0.35625 0 
1 0 0 0 0 0 0 0 0 0 
0.242647 0.857843 0.833333 0.856618 0.493873 0.835784 0.257353 0.00122549 0.126225 0.833333 0.895833 0.00245098 0 0 0.618873 0.561275 0.368873 0 0.339461 0.743873 0.0330882 0.8125 0.854167 0.688725 0.105392 
1 0 0 0 0 0 0 0 0 0 
0.727273 0.75 0.75 0.75 0.727273 0.969697 1 1 1 0.969697 0.969697 1 1 1 0.969697 0.969697 1 1 1 0.969697 0.969697 1 1 1 0.969697 
0 1 0 0 0 0 0 0 0 0 
0 0 0 0.375 0.53125 0 0 0.302083 0.979167 1 0.96875 1 1 1 1 0.96875 1 1 1 0.848958 0.96875 1 0.96875 0.385417 0 
0 1 0 0 0 0 0 0 0 0 
0.971429 0.792857 0.75 0.75 0.75 0.971429 1 1 1 1 0.971429 1 1 1 1 0.971429 1 1 1 1 0.971429 1 1 1 1 
0 1 0 0 0 0 0 0 0 0 
0.484848 0.5 0.565657 0.308081 0.010101 0.969697 1 1 1 0.570707 0.969697 1 1 1 1 0.808081 0.833333 0.883838 1 1 0 0 0.0555556 0.69697 1 
0 1 0 0 0 0 0 0 0 0 
0.560117 0.0615836 0 0 0 0.929619 0.818182 0.222874 0 0 0.29912 0.991202 0.973607 0.554252 0.0674487 0 0.284457 0.920821 1 0.891496 0 0 0.0997067 0.636364 1 
0 1 0 0 0 0 0 0 0 0 
0.194118 0.2 0.2 0.2 0.270588 0.970588 1 1 1 0.982353 0.970588 1 1 1 1 0.970588 1 1 1 1 0.776471 0.8 0.8 0.8 0.958824 
0 1 0 0 0 0 0 0 0 0 
0.43871 0.658065 0.6 0.6 0.6 0.967742 1 1 1 1 0.967742 1 1 1 1 0.967742 1 1 1 1 0.806452 0.445161 0.4 0.4 0.748387 
0 1 0 0 0 0 0 0 0 0 
0 0 0.0454545 0.412121 0.812121 0 0.106061 0.839394 1 0.966667 0.318182 0.936364 0.981818 0.645455 0.324242 0.930303 0.954545 0.239394 0 0 0.581818 0.136364 0 0 0 
0 1 0 0 0 0 0 0 0 0 
0.820779 0.277922 0 0 0 0.971429 0.98961 0.535065 0.0415584 0 0.0233766 0.722078 1 0.896104 0.475325 0 0.0415584 0.519481 0.979221 0.981818 0 0 0 0.166234 0.638961 
0 1 0 0 0 0 0 0 0 0 
0.602837 0.102837 0 0 0 0.978723 0.968085 0.758865 0.542553 0.333333 0.978723 1 1 1 1 0.829787 1 1 1 1 0.0248227 0.41844 0.659574 0.943262 1 
0 1 0 0 0 0 0 0 0 0 
0 0 0 0.0822917 0.797917 0.703125 0.0729167 0.248958 0.79375 0.576042 0.421875 0.664583 0.533333 0.366667 0.442708 0 0 0 0.308333 0.376042 0 0 0 0.444792 0.244792 
0 0 1 0 0 0 0 0 0 0 
0.0472222 0 0 0 0.769444 0.7375 0 0 0.181944 0.902778 0.673611 0 0 0.6875 0.769444 0.8375 0.173611 0.427778 0.601389 0.713889 0.359722 0.772222 0.693056 0.101389 0.670833 
0 0 1 0 0 0 0 0 0 0 
0.0362319 0 0 0.259058 0.855072 0.873188 0.0942029 0.40942 0.961957 0.481884 0.605072 0.844203 0.766304 0.831522 0.233696 0 0 0.0307971 0.905797 0.0398551 0 0 0.29529 0.721014 0 
0 0 1 0 0 0 0 0 0 0 
0.759834 0.118012 0 0.128364 0.850932 0.857143 0.109731 0.0310559 0.73706 0.944099 0.784679 0.921325 0.881988 0.904762 0.757764 0.00621118 0.0931677 0.0807453 0.585921 0.546584 0 0 0 0.871636 0.335404 
0 0 1 0 0 0 0 0 0 0 
0.62 0.00133333 0 0 0.601333 0.698667 0 0 0.494667 0.804 0.698667 0 0.24 0.825333 0.604 0.813333 0.342667 0.765333 0.321333 0.508 0.370667 0.586667 0.121333 0.324 0.452 
0 0 1 0 0 0 0 0 0 0 
0.648571 0.142857 0 0 0 0.842857 0.06 0 0.132857 0.79 0.831429 0.48 0.392857 0.821429 0.855714 0.155714 0.361429 0.321429 0.451429 0.704286 0 0 0 0.491429 0.551429 
0 0 1 0 0 0 0 0 0 0 
0.796675 0.0268542 0 0 0 0.888747 0.0204604 0.0754476 0.59335 0.86445 0.438619 0.702046 0.696931 0.804348 0.553708 0 0 0.0984655 0.837596 0.111253 0 0 0.474425 0.5 0 
0 0 1 0 0 0 0 0 0 0 
0.770751 0.0118577 0 0.235178 0.938735 0.885375 0.863636 0.683794 0.972332 0.816206 0.0671937 0.264822 0.241107 0.83004 0.320158 0 0 0.152174 0.887352 0.0296443 0 0 0.535573 0.521739 0 
0 0 1 0 0 0 0 0 0 0 
0.15528 0 0 0.0885093 0.830745 0.736025 0 0.0201863 0.71118 0.911491 0.771739 0.680124 0.731366 0.701863 0.681677 0.0962733 0.354037 0.335404 0.406832 0.534162 0 0 0 0.534162 0.310559 
0 0 1 0 0 0 0 0 0 0 
0.598522 0.17734 0 0 0.187192 0.786946 0.00615764 0 0.323892 0.831281 0.833744 0.461823 0.514778 0.934729 0.421182 0.134236 0.344828 0.334975 0.692118 0.199507 0 0 0 0.743842 0.0283251 
0 0 1 0 0 0 0 0 0 0 
0.447619 0.0492063 0.58254 0 0.166667 0.666667 0.295238 0.649206 0 0.720635 0.780952 0.866667 0.731746 0.136508 0.750794 0.220635 0.436508 0.609524 0.669841 0.314286 0 0 0.379365 0.842857 0.0269841 
0 0 0 1 0 0 0 0 0 0 
0.317734 0.044335 0.530378 0 0 0.639573 0.541051 0.568145 0 0.0394089 0.30624 0.403941 0.484401 0 0.643678 0 0 0.529557 0.313629 0.432677 0 0 0.531199 0.614121 0.00492611 
0 0 0 1 0 0 0 0 0 0 
0.606061 0 0 0 0 0.61157 0.0344353 0.69697 0 0.121212 0.769972 0.443526 0.757576 0 0.727273 0.539945 0.831956 0.772727 0.168044 0.779614 0 0 0.471074 0.980716 0.373278 
0 0 0 1 0 0 0 0 0 0 
0.277778 0.0268519 0.601852 0 0 0.524074 0.396296 0.634259 0 0.276852 0.737037 0.711111 0.5 0.0481481 0.687037 0 0 0.52037 0.497222 0.211111 0 0 0.664815 0.611111 0 
0 0 0 1 0 0 0 0 0 0 
0.433925 0.147929 0.493097 0 0.101578 0.748521 0.705128 0.487179 0 0.674556 0.460552 0.319527 0.487179 0.234714 0.459566 0 0.025641 0.512821 0.693294 0.0483235 0 0.0433925 0.926036 0.289941 0 
0 0 0 1 0 0 0 0 0 0 
0.542857 0 0 0 0 0.571429 0 0 0 0.567143 0.608571 0.0614286 0.56 0.00142857 0.784286 0.691429 0.392857 0.858571 0.442857 0.48 0.435714 0.928571 0.452857 0.79 0.0942857 
0 0 0 1 0 0 0 0 0 0 
0 0 0.650538 0.0430108 0 0 0.182796 0.956989 0 0 0.582437 0.747312 0.896057 0 0.761649 0.575269 0.550179 0.736559 0.356631 0.894265 0 0 0.521505 0.88172 0.426523 
0 0 0 1 0 0 0 0 0 0 
0.689655 0 0.143448 0 0 0.77931 0.209655 0.892414 0.00275862 0 0.622069 0.711724 0.838621 0.00137931 0.693793 0 0 0.689655 0.452414 0.65931 0 0 0.753103 0.751724 0.04 
0 0 0 1 0 0 0 0 0 0 
0 0 0.0958231 0.589681 0 0 0 0.599509 0.621622 0 0.46683 0.207617 0.599509 0.547912 0.287469 0.869779 0.783784 0.120393 0.690418 0.7457 0.2543 0.243243 0 0.72113 0.565111 
0 0 0 1 0 0 0 0 0 0 
0.609069 0 0 0 0 0.599265 0.0306373 0.481618 0 0 0.661765 0.541667 0.681373 0 0.677696 0.637255 0.631127 0.692402 0.0563725 0.780637 0 0 0.406863 0.930147 0.339461 
0 0 0 1 0 0 0 0 0 0 
0.034965 0.496504 0.881119 0.268065 0 0.60373 0.522144 0.416084 0.318182 0 0.194639 0.192308 0.705128 0.381119 0.335664 0.559441 0.576923 0.878788 0.502331 0.5 0 0.00932401 0.691142 0 0 
0 0 0 0 1 0 0 0 0 0 
0.0666667 0.467647 0.860784 0.0764706 0 0.656863 0.32549 0.534314 0.0882353 0 0.176471 0.2 0.6 0.270588 0.212745 0.411765 0.466667 0.756863 0.528431 0.511765 0 0 0.569608 0.0372549 0 
0 0 0 0 1 0 0 0 0 0 
0.227106 0.784799 0.885531 0.0421245 0 0.673993 0.195055 0.468864 0.0604396 0 0.25641 0.357143 0.653846 0.39011 0.347985 0.25641 0.357143 0.72619 0.364469 0.347985 0 0 0.588828 0 0 
0 0 0 0 1 0 0 0 0 0 
0.0580952 0.481905 0.884762 0.12 0 0.669524 0.34 0.338095 0.293333 0 0.16 0.2 0.428571 0.50381 0.386667 0.373333 0.466667 0.678095 0.574286 0.348571 0 0 0.534286 0.12 0 
0 0 0 0 1 0 0 0 0 0 
0.02 0.355714 0.811429 0.137857 0 0.630714 0.310714 0.377857 0.15 0 0.0542857 0.0878571 0.405714 0.273571 0.186429 0.340714 0.485714 0.682857 0.572857 0.431429 0 0 0.500714 0.0778571 0 
0 0 0 0 1 0 0 0 0 0 
0.00579151 0.276062 0.813707 0.393822 0 0.750965 0.517375 0.223938 0.405405 0 0.196911 0.607143 0.660232 0.780888 0.544402 0.034749 0.107143 0.473938 0.361969 0.226834 0 0 0.601351 0.0395753 0 
0 0 0 0 1 0 0 0 0 0 
0.0340502 0.484767 0.817204 0.282258 0 0.636201 0.253584 0.228495 0.34319 0 0.00806452 0 0.249104 0.330645 0 0.197133 0.645161 0.795699 0.773297 0.621864 0 0 0.570789 0.0609319 0.147849 
0 0 0 0 1 0 0 0 0 0 
0.0385338 0.642857 0.678571 0 0 0.68703 0.234962 0.527256 0 0 0.332707 0.488722 0.834586 0.678571 0.696429 0.204887 0.25282 0.617481 0.0357143 0.0357143 0 0.0178571 0.551692 0 0 
0 0 0 0 1 0 0 0 0 0 
0.0840841 0.625626 0.868869 0.385385 0 0.684685 0.258258 0.0730731 0.499499 0 0.182182 0.333333 0.369369 0.657658 0.337337 0.22022 0.407407 0.521522 0.693694 0.474474 0 0 0.237237 0.376376 0 
0 0 0 0 1 0 0 0 0 0 
-nan -nan -nan -nan -nan -nan -nan -nan -nan -nan -nan -nan -nan -nan -nan -nan -nan -nan -nan -nan -nan -nan -nan -nan -nan 
0 0 0 0 1 0 0 0 0 0 
0.103175 0.48254 0.496825 0 0.728571 0.971429 0.973016 0.847619 0.0126984 0.803175 0.0714286 0.633333 0.579365 0.488889 0.62381 0 0.644444 0.27619 0.946032 0.28254 0 0.571429 0 0.0126984 0 
0 0 0 0 0 1 0 0 0 0 
0.902778 0.9375 0.412037 0 0 0.625 0.509259 0.604167 0 0.449074 0.881944 0.138889 0.738426 0.0740741 0.958333 0.886574 0.0671296 0.923611 0.680556 0.666667 0.75463 0 0.787037 0.914352 0.155093 
0 0 0 0 0 1 0 0 0 0 
0.727273 0.85101 0.72601 0 0 0.084596 0.569444 0.656566 0 0.530303 0 0.635101 0.656566 0.0909091 0.787879 0.0681818 0.670455 0.448232 0.818182 0.440657 0.0858586 0.554293 0.0378788 0.335859 0.0643939 
0 0 0 0 0 1 0 0 0 0 
0.566667 0.744444 0.812698 0 0 0.388889 0.8 0.757143 0 0.795238 0.149206 0.712698 0.666667 0.0412698 0.844444 0.342857 0.514286 0.680952 0.398413 0.642857 0.0666667 0.107937 0.522222 0.942857 0.255556 
0 0 0 0 0 1 0 0 0 0 
0 0.227273 0.909091 0.909091 0.909091 0 0.651515 1 1 1 0.0757576 0.984848 1 1 0.939394 0.484848 1 1 1 0.833333 0.545455 1 1 1 0.348485 
0 0 0 0 0 1 0 0 0 0 
0 0.133333 0.933333 0.933333 0.666667 0 0.27619 1 1 0.819048 0 0.666667 1 1 0.561905 0.371429 1 1 1 0.333333 0.571429 0.952381 0.952381 0.638095 0.0190476 
0 0 0 0 0 1 0 0 0 0 
0.831522 0.83587 0.156522 0 0.331522 0.475 0.53587 0.195652 0 0.621739 0.471739 0.327174 0.195652 0.234783 0.595652 0.381522 0.268478 0.403261 0.647826 0.0445652 0 0.0934783 0.872826 0.409783 0 
0 0 0 0 0 1 0 0 0 0 
0.807292 0.833333 0.765625 0 0.303819 0.269097 0.831597 0.720486 0 0.782986 0 0.711806 0.71875 0.0434028 0.798611 0.0173611 0.727431 0.651042 0.703125 0.831597 0.102431 0.664931 0.0763889 0.690972 0.434028 
0 0 0 0 0 1 0 0 0 0 
0.828571 0.709524 0.666667 0.0190476 0 0.342857 0.830159 0.749206 0.0285714 0.419048 0 0.693651 0.542857 0.0412698 0.847619 0.0047619 0.731746 0.555556 0.580952 0.68254 0.0047619 0.553968 0.204762 0.947619 0.415873 
0 0 0 0 0 1 0 0 0 0 
0.920313 0.95 0.59375 0 0.075 0.385938 0.375 0.625 0 0.764063 0.46875 0.24375 0.625 0.0328125 0.8625 0.526563 0.185937 0.792188 0.382812 0.579687 0.125 0.03125 0.657812 0.985937 0.189063 
0 0 0 0 0 1 0 0 0 0 
0.193452 0.720238 0.895833 0.86756 0.61756 0.950893 0.464286 0.75 0.178571 0.818452 0.0416667 0 0.604167 0.145833 0.63244 0 0 0.488095 0.483631 0.821429 0 0 0.25 0.897321 0.494048 
0 0 0 0 0 0 1 0 0 0 
0 0.331579 0.787719 0.842105 0.459649 0.0649123 0.859649 0.85614 0.403509 0.878947 0.489474 0.464912 0.785965 0.00526316 0.761404 0.922807 0.054386 0.740351 0.314035 0.880702 0.140351 0 0.47193 0.849123 0.601754 
0 0 0 0 0 0 1 0 0 0 
0.009375 0.529688 0.840625 0.8 0.520312 0.382812 0.95 0.585938 0.21875 0.882812 0.879687 0.335938 0.639063 0 0.65625 0.13125 0.0046875 0.773438 0.3375 0.789062 0 0 0.279687 0.835938 0.623438 
0 0 0 0 0 0 1 0 0 0 
0 0.489706 0.869118 0.854412 0.570588 0.525 0.832353 0.7 0.245588 0.855882 0.742647 0.0941176 0.529412 0.0691177 0.595588 0 0 0.542647 0.422059 0.839706 0 0 0.304412 0.979412 0.564706 
0 0 0 0 0 0 1 0 0 0 
0 0.466667 0.809722 0.8 0.447222 0.468056 0.859722 0.834722 0.213889 0.777778 0.734722 0.0861111 0.643056 0.120833 0.681944 0 0 0.434722 0.401389 0.705556 0 0 0.193056 0.961111 0.738889 
0 0 0 0 0 0 1 0 0 0 
0 0.0016129 0.619355 0.848387 0.433871 0 0.4 0.748387 0.308065 0.879032 0.148387 0.958064 0.235484 0 0.680645 0.569355 0.646774 0.669355 0.533871 0.879032 0.653226 0.0967742 0.745161 0.58871 0.337097 
0 0 0 0 0 0 1 0 0 0 
0 0.0136054 0.459864 0.829932 0.609524 0.00544218 0.644898 0.908844 0.25034 0.770068 0.531973 0.712925 0.729252 0.0136054 0.57415 0.651701 0.0353741 0.52381 0.454422 0.842177 0 0 0.10068 0.858503 0.379592 
0 0 0 0 0 0 1 0 0 0 
0 0.00421053 0.334737 0.847368 0.401053 0.0968421 0.694737 0.917895 0.192632 0.72 0.762105 0.277895 0.395789 0.324211 0.562105 0.113684 0 0.136842 0.624211 0.665263 0 0 0 0.876842 0.118947 
0 0 0 0 0 0 1 0 0 0 
0.0124434 0.450226 0.826923 0.70362 0.393665 0.662896 0.617647 0.830317 0.113122 0.790724 0.368778 0 0.682127 0 0.677602 0 0 0.63914 0.262443 0.704751 0 0 0.218326 0.958145 0.196833 
0 0 0 0 0 0 1 0 0 0 
0.026087 0.559006 0.855901 0.827329 0.559006 0.786335 0.63354 0.642236 0.0434783 0.735404 0.303106 0.00124224 0.654658 0 0.580124 0 0 0.597516 0.314286 0.812422 0 0 0.209938 0.898137 0.201242 
0 0 0 0 0 0 1 0 0 0 
0.540541 0 0 0 0 0.540541 0 0 0 0 0.540541 0 0 0 0.0094007 0.625147 0.0681551 0.512338 0.755582 0.925969 0.725029 0.884841 0.505288 0.287897 0.0846063 
0 0 0 0 0 0 0 1 0 0 
0.665349 0 0 0 0 0.700922 0 0 0 0 0.646904 0 0 0 0 0.606061 0.0803689 0.0671937 0.470356 0.744401 0.465086 0.899868 0.881423 0.546772 0.296443 
0 0 0 0 0 0 0 1 0 0 
0.689655 0 0 0 0 0.689655 0 0 0 0 0.827586 0 0 0.200431 0.568965 0.885776 0.353448 0.44181 0.965517 0.849138 0.696121 0.952586 0.911638 0.314655 0.0107759 
0 0 0 0 0 0 0 1 0 0 
0.714286 0 0 0 0 0.752232 0 0 0 0 0.886161 0.169643 0 0.0111607 0.227679 0.520089 0.868304 0.243304 0.816964 1 0.0446429 0.859375 1 0.627232 0.279018 
0 0 0 0 0 0 0 1 0 0 
0.583072 0.0689655 0 0 0 0.659352 0.00731452 0 0 0 0.69279 0 0 0 0 0.656217 0 0 0 0 0.806688 0.689655 0.689655 0.689655 0.749216 
0 0 0 0 0 0 0 1 0 0 
0.645161 0 0 0 0 0.645161 0 0 0 0 0.645161 0 0 0.00921659 0 0.800307 0.167435 0.52381 0.894009 0.906298 0.539171 0.932412 0.626728 0.271889 0.0537634 
0 0 0 0 0 0 0 1 0 0 
0.588235 0 0 0 0 0.588235 0 0 0 0 0.625272 0 0 0 0 0.655773 0 0 0 0 0.798475 0.740741 0.740741 0.740741 0.761438 
0 0 0 0 0 0 0 1 0 0 
0.661638 0.00969828 0 0 0 0.701509 0 0 0 0 0.717672 0 0 0 0 0.716595 0 0.018319 0.164871 0.25431 0.818965 0.659483 0.692888 0.540948 0.461207 
0 0 0 0 0 0 0 1 0 0 
0.600289 0 0 0 0 0.698413 0 0 0 0 0.686869 0 0 0 0 0.636364 0.01443 0.177489 0.313131 0.50505 0.891775 0.939394 0.857143 0.689755 0.591631 
0 0 0 0 0 0 0 1 0 0 
0.563882 0 0 0 0 0.595823 0 0 0 0 0.594595 0 0 0 0 0.628993 0.0909091 0.0909091 0.0909091 0.212531 0.777641 0.818182 0.818182 0.818182 0.788698 
0 0 0 0 0 0 0 1 0 0 
0.530286 0.901714 0.677714 0 0 0.833143 0.12 0.697143 0.380571 0.285714 0.796571 0.853714 0.990857 0.493714 0.843429 0.0205714 0.196571 0.494857 0.310857 0.772571 0 0 0.118857 0.918857 0.569143 
0 0 0 0 0 0 0 0 1 0 
0.635429 0.890286 0.481143 0 0 0.770286 0.0445714 0.642286 0.064 0.0628571 0.714286 0.168 0.749714 0.836571 0.908571 0.397714 0.842286 0.558857 0.536 0.749714 0 0 0 0.769143 0.630857 
0 0 0 0 0 0 0 0 1 0 
0.577295 0.850242 0.317633 0.572464 0.497585 0.704106 0.179952 0.969807 0.477053 0.772947 0.654589 0.165459 0.878019 0 0.675121 0.731884 0.865942 0.76087 0.264493 0.624396 0.224638 0.246377 0.190821 0.963768 0.23913 
0 0 0 0 0 0 0 0 1 0 
0.417952 0.892006 0.332398 0 0 0.687237 0.215989 0.782609 0.335203 0.208976 0.72791 0.15007 0.889201 0.697055 0.893408 0.906031 0.920056 0.685835 0.640954 0.851332 0.406732 0.00280505 0.0168303 0.7223 0.667602 
0 0 0 0 0 0 0 0 1 0 
0.671429 0.875824 0.356044 0 0 0.656044 0.0835165 0.706593 0.105495 0.0571429 0.86044 0.528571 0.873626 0.818681 0.842857 0.135165 0.28022 0.253846 0.763736 0.638462 0 0 0 0.386813 0.906593 
0 0 0 0 0 0 0 0 1 0 
0.611607 0.820312 0.191964 0 0 0.762277 0.160714 0.801339 0.590402 0.46875 0.75 0.868304 0.886161 0.210938 0.771205 0.0825893 0.133929 0.36942 0.412946 0.791295 0 0 0.0613839 0.802455 0.688616 
0 0 0 0 0 0 0 0 1 0 
0.287778 0.943333 0.276667 0 0 0.575556 0.115556 0.643333 0.108889 0.0377778 0.676667 0.0955556 0.85 0.765556 0.767778 0.856667 0.78 0.698889 0.302222 0.573333 0.271111 0.316667 0.0722222 0.833333 0.893333 
0 0 0 0 0 0 0 0 1 0 
0.77381 0.753968 0.0555556 0.0185185 0.010582 0.698413 0.478836 0.853175 0.965608 0.712963 0.89418 0.56746 0.851852 0.0542328 0.777778 0.601852 0.718254 0.693122 0.373016 0.649471 0.161376 0.0687831 0.223545 0.862434 0.410053 
0 0 0 0 0 0 0 0 1 0 
0.789011 0.816483 0.165934 0 0 0.905495 0.297802 0.676923 0.0021978 0.0043956 0.495604 0.667033 0.769231 0.837363 0.834066 0.0010989 0.516484 0.60989 0.430769 0.683517 0 0 0.032967 0.753846 0.718681 
0 0 0 0 0 0 0 0 1 0 
0.368984 0.818182 0.0842246 0.0040107 0.0013369 0.760695 0.469251 0.775401 0.934492 0.589572 0.69385 0.101604 0.914438 0.114973 0.799465 0.779412 0.67246 0.840909 0.247326 0.77139 0.518717 0.688503 0.287433 0.918449 0.449198 
0 0 0 0 0 0 0 0 1 0 
0.412202 0.89881 0.825893 0.0416667 0 0.833333 0.315476 0.636905 0.19494 0 0.822917 0.0133929 0.678571 0.184524 0 0.75744 0.721726 0.638393 0 0 0.693452 0.949405 0.979167 0.952381 0.952381 
0 0 0 0 0 0 0 0 0 1 
0.264856 0.825127 0.842105 0.285229 0 0.828523 0.561969 0.483871 0.466893 0 0.685908 0 0.404075 0.451613 0 0.66893 0.387097 0.957555 0.239389 0.217317 0.519525 0.95416 0.947368 0.947368 0.947368 
0 0 0 0 0 0 0 0 0 1 
0.416667 0.869048 0.480952 0 0 0.759524 0.0678571 0.760714 0 0 0.630952 0 0.585714 0 0 0.664286 0.377381 0.713095 0 0 0.370238 0.842857 0.842857 0.853571 0.833333 
0 0 0 0 0 0 0 0 0 1 
0.425926 0.869048 0.231481 0 0 0.791005 0.384921 0.435185 0 0 0.706349 0.490741 0.297619 0 0 0.59127 0.977513 0.732804 0.666667 0.666667 0.232804 0.440476 0.283069 0.285714 0.285714 
0 0 0 0 0 0 0 0 0 1 
0.0025641 0.615385 0.651282 0 0 0.452137 0.352991 0.501709 0.0811966 0 0.640171 0 0.516239 0.0846154 0 0.482906 0.591453 0.576923 0.0153846 0 0.103419 0.645299 0.816239 0.797436 0.75812 
0 0 0 0 0 0 0 0 0 1 
0.194079 0.805921 0.598684 0 0 0.8125 0.445724 0.759868 0 0 0.651316 0.0559211 0.743421 0 0 0.753289 0.659539 0.731908 0.105263 0.151316 0.564145 0.958882 0.949013 0.947368 0.944079 
0 0 0 0 0 0 0 0 0 1 
0.355219 0.978114 0.452862 0 0 0.878788 0.329966 0.713805 0 0 0.617845 0.154882 0.688552 0 0 0.841751 0.895623 0.574074 0.277778 0.277778 0.577441 0.843434 0.833333 0.833333 0.833333 
0 0 0 0 0 0 0 0 0 1 
0.653144 0.959432 0.590264 0 0 0.839757 0.369168 0.918864 0.00811359 0 0.703854 0.37931 0.817444 0 0 0.892495 0.977688 0.501014 0.154158 0.117647 0.517241 0.853955 0.979716 1 1 
0 0 0 0 0 0 0 0 0 1 
0.370748 0.833333 0.085034 0 0 0.71542 0.428571 0.312925 0 0 0.513605 0.475057 0.280045 0 0 0.647392 0.812925 0.00680272 0 0 0.302721 0.933107 0.899093 0.821995 0.809524 
0 0 0 0 0 0 0 0 0 1 
0.536508 0.94127 0.95873 0.0873016 0 0.807936 0.109524 0.680952 0.149206 0 0.744444 0.2 0.746032 0.015873 0 0.780952 0.830159 0.215873 0 0 0.498413 0.966667 0.952381 0.952381 0.952381 
0 0 0 0 0 0 0 0 0 1 
