0 0 0 0 0 0 0 0 0 0 0 0 0.2 0.1 -0.1 -0 0 -0.3 -0.4 -0.4 -0.3 -0.5 0.1 0.2 -0 -0.4 -0.2 0.3 0.2 0.1 
-0.3 0.3 0.5 0.3 -0.5 0.3 0.3 0.3 0.2 -0.2 -0 0.2 0 -0.5 0.1 0 0 -0.4 0 0.5 -0.4 0.4 -0.3 -0.2 -0 0.2 -0.2 0.1 -0.5 0.5 
0.3 -0.1 -0.5 -0.5 -0.1 -0.4 -0.3 0.5 0.5 -0.2 0.3 0.5 -0.5 0 0.5 0.3 0.5 0.1 0.3 -0.5 -0.4 0.2 -0.2 -0.4 0.4 0.4 -0.2 -0.3 -0.1 -0.4 
0.5 -0.4 -0.5 0.1 0.1 -0.1 -0.1 0.2 -0.3 0.3 0.4 -0.1 -0.2 0.4 0.4 0 -0.3 -0 0.3 0.5 0.5 0.5 0 -0.5 0.4 -0.2 0.2 -0.3 -0.4 0.5 
0 -0.3 0.2 0.4 -0.4 -0.1 -0 0.5 0.2 0 0.5 0.4 0.2 0.3 0.2 0 0.5 -0.4 0.5 -0.5 -0.4 -0.2 0.3 -0.5 -0.4 -0.3 -0 0.1 0.2 0 
0.2 0 0.1 -0 -0 -0.2 0.4 -0.3 0.2 0.5 0.3 -0 -0.1 -0.1 -0.2 -0.1 0.5 -0 -0.2 0.4 0.4 0.5 0.1 0.2 0 0.2 -0.3 0.1 0.2 0.5 
0.2 0.2 -0.3 -0.4 0.1 0.4 -0.5 -0.2 0.1 0.4 -0.4 -0.1 -0.1 0.1 -0.2 0.3 0.4 0.2 0.1 0 0.1 0 0 0 -0.2 -0.1 -0.2 0 -0 0.3 
0 0.5 -0.4 -0.1 -0.5 -0.4 0.3 0.4 -0.2 -0.3 0 0.3 0.2 0.1 0.2 0.2 0.3 -0.1 -0.2 0.3 0.5 -0 -0.5 -0.2 -0.2 -0.3 0.5 -0 -0.1 -0.1 
-0.4 0.5 -0.3 -0.4 0.5 -0 -0.4 0.2 -0.3 0.2 -0 0.3 -0.5 -0.3 0.3 0.3 -0 0.4 0.5 0.2 -0.2 0.4 0 0 0.2 0.1 0.4 -0.4 -0 -0.1 
-0.1 0.4 0.1 0.2 0.3 0.1 -0.2 -0.5 0.3 -0.4 0.4 0.4 0.3 0.4 -0.5 -0.1 -0 -0.3 -0.2 -0.5 -0.1 -0 -0.4 -0.3 0.1 0.4 -0 0.5 -0.1 -0 
0.1 -0.1 -0.1 0.4 -0.1 -0.4 0.2 0.1 -0.3 -0.5 0.5 -0.1 -0.1 -0.2 0.2 0.5 -0.4 0.4 -0.3 0.4 0.4 0.3 0 0.3 -0.1 0 0.3 -0.1 -0.4 -0.3 
-0.4 0.4 0.5 -0.3 0.3 -0.2 -0.3 -0 -0.4 -0.2 -0.4 0.4 -0.2 -0.2 0.1 0.3 -0 0.3 -0.5 0.5 0.3 0.2 0.5 0.5 -0.3 -0.5 -0.2 -0.1 0 -0 
-0.5 0.2 0 -0.3 -0.3 -0.3 0.1 -0.4 0.5 -0.2 -0.5 -0.2 -0.2 -0.3 0.3 -0 0.5 0 -0 0.4 -0.3 0.2 0.5 0.4 -0.2 0.4 -0.5 0 -0.2 -0 
-0.2 0.3 0.4 0.3 0 0.4 -0.2 0.3 -0.4 -0.2 0 0.3 -0.5 -0.3 -0.2 -0.4 -0.1 -0.5 -0.3 0.2 -0 0 0.4 -0 0.5 0.5 -0.5 0 0.4 -0.3 
0.4 -0.3 -0.4 0.5 0.1 -0.1 -0.5 0.2 -0.3 0.1 0.4 0.3 -0.3 0.5 -0.3 0.5 0.5 -0.5 0.3 0.4 0.3 -0.4 0.3 0.1 -0.2 -0.1 0.1 -0.4 0.5 -0.3 
0.2 -0 -0.4 0.3 -0.4 -0.4 0.3 0.4 0.4 0.3 0.1 -0 0 0.5 -0.4 0.3 0.1 0.5 -0.4 -0.5 0.2 -0.4 -0.3 -0 -0.1 -0.3 0 -0.2 0.4 -0.3 
0 -0.4 -0.5 -0.5 -0.4 0.1 -0.1 0.2 0.3 0.5 0.4 0.4 0.5 0.3 -0.4 0.1 0.5 -0.1 0.1 0.5 -0.4 -0.4 -0.5 -0.3 0.5 0.4 -0.4 0.4 0.2 -0.3 
0.5 -0 -0 0.1 -0.2 -0.5 -0.4 -0.2 -0.2 0.5 0 -0.1 -0.1 -0.5 -0.2 0.2 0.3 0.3 0.2 0.3 -0.1 0.2 -0.4 0.2 0 -0.4 -0 0.2 -0.3 -0.1 
0.1 -0 -0.5 -0.1 0.3 0.3 -0.5 -0.2 -0.5 -0.1 0.2 0.3 -0.4 -0.4 -0.4 -0.3 -0.2 -0.4 0.2 -0.4 0.2 -0.3 -0.4 -0.2 -0 -0.5 -0.5 0.4 -0.3 0.5 
-0.4 0.5 0.2 -0.2 0.5 0 -0.5 -0.4 -0.5 0.3 -0.3 0 -0.5 0.2 0.3 -0 -0.2 -0.5 0.4 0.4 -0 -0 0.4 0.5 -0.4 0.1 0.1 -0.3 0.2 -0 
-0.1 0.4 -0.3 -0.5 0.3 -0.1 0 0 -0 -0.4 -0 -0.5 -0.3 0.5 -0.5 -0.2 0.4 0.1 -0.1 0.3 -0.2 -0.5 0.3 -0.5 -0.4 0 0.1 -0.1 0.5 0.1 
-0.4 -0.3 0.1 -0.5 -0.3 -0.2 -0.4 -0 -0 -0.2 0.1 -0.5 -0.4 0.5 0.1 -0.5 -0 0.3 0.5 0.1 -0.3 -0.2 -0.2 0 0 -0.2 -0.2 -0.2 0 0 
-0.5 -0.2 -0.2 -0.3 -0.5 0.2 -0.3 -0.2 -0.5 -0.5 -0.2 0.5 0.1 -0.2 -0.3 -0.4 0 0.4 0.3 -0 -0.4 0.4 -0.5 0.5 -0.3 0.2 -0.4 -0.1 0.5 0.5 
0.5 0.3 -0.2 -0 0.2 0.1 0.2 -0 0.5 -0.5 -0.1 -0.2 0.5 0.4 0 -0.4 -0.3 -0.2 0 0.2 -0.2 -0.5 -0.4 -0.3 -0.2 0 0.5 -0 0.5 0.4 
-0.3 -0.2 -0.2 0.3 -0.5 -0.2 -0.4 -0.2 0.5 -0.3 -0.1 0.1 -0.3 -0.1 0.3 0.5 -0.1 -0.2 -0.3 -0.4 0 0.2 0 0.4 -0 -0.2 -0.1 0 0.3 0.4 
-0 -0.4 -0.2 0.2 0.3 -0.2 -0.3 0.5 -0.5 -0.4 -0.4 -0.4 0.3 -0.2 0.3 -0.5 -0.4 -0 -0.3 0.5 0.5 -0.5 -0 0.2 -0.3 -0.2 0.4 0 -0.1 0.5 
0.1 -0.3 0 -0.3 0.4 0.4 -0.3 0.4 -0.2 -0.2 0.4 0.4 0.1 0.5 0.2 0.5 0.1 0 0 -0 0.1 0.5 0.2 0 -0.1 0.5 -0.3 -0.3 0.5 0.4 
-0.4 -0.1 0 -0.4 0.2 0.4 -0 -0.2 -0.5 0.2 0 -0.1 -0.4 0.3 -0 0.4 -0.5 0.3 -0.1 -0.3 0.1 -0.1 -0.1 -0 0.1 0.3 0.1 0.1 -0.1 -0.4 
-0.5 -0.2 0.1 -0 0.2 -0.2 -0.3 0.1 0.3 -0.2 -0 -0.3 -0.2 0.5 -0.5 -0 0.2 -0.5 -0 -0.4 -0.4 0.2 -0.4 -0.3 0.3 0.5 -0.5 0.2 -0.2 -0 
0.1 -0.4 -0.2 -0.5 0.4 -0.3 -0.5 0.2 0.1 0.4 0 -0.3 -0.1 0.5 -0.3 -0.3 0.4 0.4 0.1 -0.5 0.2 0.5 -0.4 -0.1 0.3 -0 -0.4 0.5 -0.4 0.5 
-0.5 0.2 0.2 0 0.5 -0 -0 -0.2 0.4 0.2 0.1 -0.5 0.3 0.1 -0 0.4 0.1 0 -0.2 0.3 -0 -0.2 0 -0.2 -0.3 -0.1 0.4 0 -0.3 0.4 
-0.4 0.1 -0.1 -0.3 -0 0.1 0.2 -0.2 0 0.1 -0.5 0.4 -0.1 0 0.2 0.5 -0.5 -0 0.4 -0.3 0.4 0 0.4 0.4 0.5 0 0 0.4 -0 0.1 
-0.1 -0 0.4 0 0.2 -0.3 0.4 -0.2 0.4 0 -0 0.5 -0.4 -0.4 -0 0 -0.5 0.3 -0.2 -0.1 0.2 0.2 0 0.2 0.5 -0.1 -0.1 0.4 0 -0.3 
0.1 -0.5 0.5 0.3 -0.5 0.4 -0.1 0.2 -0.5 0.5 0.5 0.5 -0.2 0.5 0.5 0 0.3 -0.4 0.1 -0.1 0.1 -0.2 0.2 0.1 -0 0.3 0.2 0.5 -0.4 0.3 
-0 0.5 -0.5 -0.1 -0 0.5 0.4 -0.4 0.1 0.5 0.4 0.4 -0.2 -0.4 -0.1 -0.4 -0.3 0 -0.5 -0 0.5 -0.2 -0.3 0.5 0.4 0.2 -0.2 0.2 -0.3 0 
0.3 0.1 -0.2 -0.2 0.4 0 0.5 0.3 0.4 -0.3 -0.1 -0.2 0.4 0.5 -0 -0 -0.1 -0.2 0.1 0.2 -0.4 0.1 0.2 -0.2 0.2 -0.1 -0.3 -0.1 -0.3 0.2 
-0.1 0.3 -0.2 -0.5 -0.2 -0 0.3 0 -0.3 -0.1 -0 -0.2 -0.2 0 0 -0.1 0.3 0.3 -0.2 0 0.3 -0 0.1 -0.1 0.2 0.1 0.3 -0.4 0.3 0.4 
0.3 -0 -0.2 -0.2 0.3 -0.4 0 0.2 -0.3 -0.1 -0.3 0 -0.1 0.5 -0.4 -0.3 0 -0.5 0 -0 -0.4 0.1 0.1 -0.3 0.4 0 -0.2 0.4 0 -0.1 
0.2 0.4 -0.1 -0.1 -0.5 0 -0.4 -0 -0.2 -0 0.4 0.5 0.2 0.2 0.3 -0.4 0.3 -0.1 0.2 0.1 -0.2 -0.1 -0 -0.2 0 0 0.4 0.1 0 -0 
-0.3 -0.1 0.4 0.1 0.1 0.4 -0 -0 0.4 -0.1 0.1 -0.5 0.5 0 -0.3 -0.1 0.2 0.3 0.3 0.4 0.2 0.3 0.5 0.1 -0.3 0.4 0.1 -0.4 -0.3 -0.4 
0.4 -0.5 0.2 0 -0.4 0.5 0.5 0.3 0.2 0.4 -0.2 0 -0.1 0.2 0.1 -0.2 -0 -0.3 0.1 -0.1 -0.4 0 -0.5 -0.1 -0.1 -0.5 -0.3 -0.4 0.5 -0.4 
-0 -0.2 0 0.3 0.5 0.5 -0.3 -0 0.2 0.1 -0.5 0.4 -0.1 -0.3 -0.2 0.4 0.1 0.4 -0 -0.5 0.4 -0.3 -0.4 0.5 -0.4 0 -0.3 -0.4 0.4 0.3 
0.2 -0.4 -0.2 0 0 0.2 0.1 0.1 -0.2 0.2 0.4 -0.1 -0 0.4 0.4 -0.2 0.5 0.1 -0.4 -0.5 0.3 0 0 -0 0.5 0 0.3 -0.3 -0.5 -0.3 
-0.1 -0.1 0.1 0.3 0 0.4 -0 -0.4 0.4 0 0.4 0 0 -0.1 -0.3 -0.5 0 0 0.3 -0.2 -0.3 0.2 0.3 0.2 0.2 -0.4 -0.5 0.1 -0.5 0.5 
0.3 0.2 0.4 0 -0.3 0 -0.4 -0.3 0.1 -0.2 0.4 0.3 0 0.5 -0.2 0.4 0 0.2 -0.1 0.4 0.2 -0.3 0 0 -0.2 0.5 0.2 0.2 0.4 0.4 
-0 0.3 -0.2 -0.2 -0.5 0.4 -0.5 -0.5 -0.4 0.5 0.2 0 -0.3 -0.3 -0.3 -0.4 -0.3 -0 0.4 0.5 -0.3 -0.2 0.1 0.4 -0.4 -0.5 0.3 -0.1 0.4 -0.4 
-0 0.3 0.2 -0 0 -0.2 -0.1 0.5 0.4 -0.1 0.2 0.1 0.5 0.2 0.5 0.5 0.1 0.2 -0.4 0.5 0.5 -0.1 0 0 0 -0.5 0.3 0.4 -0.4 -0.5 
0.1 0 0.3 0.1 -0 -0.5 -0 0.4 0.2 0.3 0.2 0.3 -0 -0.4 0 -0 0 0 -0 0.4 0.5 -0.4 -0.5 0 -0.4 -0.2 0.5 -0.4 -0.2 0.1 
-0.4 0.1 0 -0.3 -0.5 -0.3 0.2 -0.4 -0.3 0 0.3 0 0.5 0.3 0.5 0.3 -0.2 0.5 -0.1 0 -0.5 -0.5 -0.5 -0.4 0.3 0 0.1 -0 0.1 -0.4 
0 -0.1 0.1 0.1 -0.2 -0.2 -0.3 -0.4 0.1 0 0.5 -0.5 0.4 -0.2 -0.1 -0.2 -0.2 -0.1 0 -0.3 0.2 -0 -0.4 0.3 -0.5 0.4 0.1 -0.2 -0.4 0 
-0.5 0.2 0.4 0.4 0.5 -0.4 -0.4 0.3 0.1 0 0.2 0 -0.3 0.2 -0.2 -0.3 0.3 -0.4 -0.1 0.3 0.1 0.4 -0.2 -0.5 -0.1 -0.5 0.5 -0.1 0.5 0.4 
0.1 -0.2 0.4 0.4 0.4 -0.4 -0.5 0.2 0.1 -0.1 -0.3 -0.3 0.2 0.5 0.2 -0.2 -0.4 0.4 0 0 0.5 -0.3 -0.5 -0.3 -0 0 -0.1 -0.2 0.5 -0.4 
0.4 0.5 0.2 -0.2 0.1 -0.4 -0 -0.2 -0.2 -0.2 0.5 0.4 -0.3 0.3 -0.3 -0.1 -0.5 0.1 -0.2 -0.1 -0.2 -0.2 0.4 0.2 0.1 0.4 -0.5 0 0.4 -0.1 
-0.2 0 -0.1 -0 -0.5 -0.2 -0.2 -0.4 0.1 0 -0.2 0 -0.5 0 -0.1 -0.1 -0.2 -0.2 -0.5 0.4 0.3 0.3 -0.3 -0.1 -0.5 -0.2 0.3 0.3 0.4 -0.2 
-0.3 -0 -0.2 0 -0.4 0.3 -0 -0.4 0.4 -0.5 0.4 -0.2 -0.5 -0.2 -0.1 0 0.1 0.3 -0.2 -0.3 0.5 0.1 -0.5 -0.5 0 0 0.1 0.3 0.5 -0.1 
0.1 -0.4 0.3 -0.4 -0 -0.3 -0.5 0.3 -0.5 0.1 -0.3 -0.1 0.1 -0.3 0 0.5 0.2 -0.4 -0.1 0.3 -0.1 0.5 -0.1 0.4 0 -0.2 -0.4 -0 -0.4 -0.3 
-0.3 0.1 -0.4 -0.3 -0.4 0 -0.2 -0.2 -0.3 0 0.3 0.5 -0.3 -0.4 0 0.5 0.4 0.1 0.1 0.5 -0 0.1 -0.1 -0.2 -0 0.5 -0.4 0.1 0.2 -0 
0.1 -0.4 0.3 0.4 0 0 -0.2 -0.2 -0.4 0.4 0.3 -0.4 -0 -0.5 0.4 -0 0.2 -0.2 -0.1 0 -0.2 0 0.1 0.2 -0.3 0.2 0.2 0.3 0.5 -0.4 
-0.2 0.5 -0.5 -0 0 0.4 0.4 0.1 -0.3 -0.3 0.1 -0.4 -0.3 -0.5 0.2 -0.3 -0.4 -0 -0.2 0 0.5 0.5 -0 0.1 -0.1 0.1 0.1 -0 0.3 -0.4 
-0.5 -0 -0 0.4 -0.5 0.1 0.4 0.5 -0.4 0.4 -0 0.4 -0.1 0.1 0.5 -0.4 0.3 0.1 -0.3 0.4 0 0.2 -0 -0.2 -0.4 0.2 0.4 0.2 0 -0.4 
0.5 0.2 0.5 0.1 0.2 0 0.4 0.5 0.5 -0.1 -0.2 0.4 0 0.2 -0.5 -0.3 0.1 -0.4 0.1 0 -0.4 0.4 0.4 -0.4 0.5 0.3 -0 -0.1 0.5 0.3 
-0.1 0.1 0.4 0.1 -0.2 -0.1 0.2 -0 0.2 0 -0.2 0.2 0.3 0.1 -0.4 0 -0.1 -0.3 -0.3 0.4 -0 -0.3 0.2 -0 -0 -0.2 0.5 -0.3 0.5 0.1 
-0.2 -0.4 -0.5 -0.2 0.2 -0 0.2 -0.4 -0.3 0 -0.5 0.3 0.1 0.3 0 0.1 -0.2 -0.4 -0.5 -0.1 -0.2 -0.3 0.1 -0.5 0.3 -0.5 -0.4 0.3 -0.5 0.4 
-0.3 -0.4 -0.1 -0.4 0 -0.3 0.1 0.4 0.3 0.2 0.1 -0.1 -0.1 -0.5 0.3 -0.2 0 0.1 -0.3 -0.3 -0.1 0.3 0.4 0 -0.4 0 -0.1 -0.3 0.4 0.5 
0.3 -0 -0.1 0.1 -0.5 0.4 0.3 0.4 -0.2 0.1 0.4 -0.5 -0 0.2 -0.2 -0.1 -0 -0.5 -0.1 0.2 -0 -0.3 -0.1 0.3 -0.4 0.1 -0.3 0.2 -0.5 0 
-0.3 -0.3 -0.3 0.1 0.4 -0.1 0 -0.4 -0.5 -0 -0.1 -0.2 0.4 -0.3 -0.5 0.2 -0.5 -0.2 0.3 -0.5 -0.5 0 -0.3 0.3 0.3 -0.4 0.1 0 -0.1 -0 
-0.3 0.2 -0.4 0.3 -0.2 0.3 -0.1 -0.2 0.1 -0.5 0.5 -0 0.1 0.1 -0.5 -0.2 -0.3 0.2 -0.2 -0.5 0.2 0.1 -0.3 0.3 0.5 0.4 0.3 0 -0 -0 
-0.4 0.4 0.4 0.5 0 0.1 0.2 0.1 -0.2 0.5 0.1 -0.2 0.5 -0.1 -0 -0.3 -0.5 -0.1 -0.2 0 0.1 -0 -0.5 -0.5 0.5 0 0.2 0.1 -0.1 0.5 
0 0.1 -0.5 0.5 -0.2 -0.5 -0.4 -0.3 -0 0.5 0.4 -0.2 0.4 -0 -0.2 -0.1 0.3 0.3 0.4 0.2 -0.1 -0 -0.1 -0.3 -0.1 0.5 0.4 0.2 0.1 0.3 
-0.3 -0.1 0.5 -0.3 0.1 -0.3 -0.4 -0.2 -0.3 -0.5 0 0.2 0.2 -0.4 0.5 -0.3 -0.2 -0.3 0.2 0.4 -0.1 -0.2 0.2 -0.3 -0 0.2 0.3 0.2 -0.1 0.3 
-0.2 -0.2 0.4 -0.4 0 0.5 -0.3 0.5 0.3 -0.1 -0.1 -0.2 0.4 0.4 -0.5 -0.2 -0.4 0.3 0.4 0.4 0.4 0.5 0.4 -0.2 -0.4 -0.4 -0.3 0.4 -0.1 0.2 
0.1 -0.5 0.5 0.4 -0.2 -0.1 -0.1 -0.5 -0.2 -0.4 0 0.1 -0.5 -0 0.5 -0.2 -0.4 -0.3 -0.5 -0.5 0.2 0.5 -0.1 0.4 -0.1 0.5 -0.3 -0.3 0.2 -0 
0.2 0.5 0.1 0 0.5 -0.4 0.1 -0.1 -0.5 0.2 0 0.4 -0.3 -0.5 -0 -0.3 -0.5 0.5 0 -0.1 0.2 -0.4 0.3 -0.5 0.1 -0.3 0.5 -0.3 0 -0.4 
0.4 -0.5 0 -0.4 0.4 -0.2 -0.5 0.3 0.2 0.4 -0.3 -0.5 -0 -0.1 0.2 -0.3 0.5 0.2 -0.3 -0.1 0.4 0.1 -0 0.1 0 0 -0.5 -0.4 0.4 0.2 
0.3 -0.5 0.4 -0.5 -0.4 -0.1 -0.1 0.2 -0.2 0.4 0 0.4 -0.3 0.1 0 0 0.1 -0.4 -0.5 0.5 -0.1 0.4 0.5 -0.3 -0.1 -0.2 -0.1 0.4 -0 0.5 
-0 -0.5 -0.3 -0.3 0.5 0.3 0.4 0 -0.5 0.1 0.1 -0.5 -0.1 -0.4 -0.3 -0.2 -0.4 -0.3 -0.3 0.1 0.4 -0.3 0.1 -0.2 0.3 -0.2 -0.4 -0.4 -0 0.4 
0.5 -0.5 -0 0.1 -0 0 0.3 -0.3 0.4 -0 0.2 0.5 0.5 -0.3 0.5 -0.2 0 -0.3 -0.2 0.4 0.5 0.3 0.5 0.3 0.5 -0.4 -0.2 -0.3 -0 0.5 
-0.5 -0.5 0.5 0.5 -0.5 -0.5 0.4 0.2 -0 -0.5 -0.5 -0.2 -0 -0.4 0.3 0.3 -0.5 0.1 0.3 0.1 0.5 -0.4 -0.5 0.5 0.4 0.3 -0.2 0.4 0.3 0.1 
-0.2 0.2 0.3 -0.2 0.5 0.4 0.3 0 0 -0 0.5 0.1 -0.2 -0.2 -0.4 -0.2 0.3 0.4 0.5 -0.2 0.3 0.5 0 -0.4 -0 -0.1 -0.1 -0.3 -0.4 -0 
0.4 -0.5 -0.5 -0 -0 0.3 -0.3 0.5 -0.3 0.2 -0.1 0.5 0.1 0.1 -0.3 -0.4 -0 -0 0.2 0.1 -0.3 0.4 0.3 0.1 0 0.2 -0.2 -0.5 -0.5 0.4 
0.5 0.1 0.1 -0.4 0.2 -0.1 -0.5 -0.1 0.1 0.1 -0.2 -0.4 0.2 -0.3 -0.3 0.1 -0.2 0.1 0.1 -0 -0.2 -0 -0.2 -0.2 0.2 -0.3 0 0.5 0.5 0.5 
-0.2 0.2 -0.4 -0.1 -0.2 -0.5 0.4 -0.1 0.3 -0.2 -0 0.5 0 0.2 -0.1 -0.4 -0.3 0 -0.3 -0.3 -0.4 0.5 0.3 -0.1 0.4 -0.3 -0.3 -0.5 -0.1 0.1 
0.1 -0.2 -0.4 0.2 -0.4 -0.3 0.3 0.3 -0.1 0.1 0.1 -0.1 -0.2 0.4 -0 -0 0.1 0.5 -0 -0.4 0.1 -0.5 0.2 0.3 -0.4 -0.1 -0.2 0 0.5 -0.3 
-0 -0.5 -0.1 0.4 0.2 -0.4 -0.2 -0.5 0.3 -0 -0.4 -0.5 0.4 -0.2 -0 -0 -0.3 0.4 0.2 -0 0.4 -0.3 0 -0.3 0.2 -0.3 0.2 0.4 0 0.1 
0.5 0.3 0 0.1 0.3 -0.1 -0.2 0.3 -0.3 0.3 -0.3 0.3 0.5 -0.2 -0.5 0.1 -0.4 -0.1 0.3 0.2 0 -0.3 0 0.1 -0.5 0.1 0.1 0.2 0 -0.3 
-0.1 0 -0.3 0.5 0.2 -0.2 0.3 -0.3 -0.2 0.4 -0.5 -0.5 0.2 0.4 0.1 -0.3 0.5 0.5 -0.4 0.1 0.3 0.1 0.5 0.5 -0.4 0 -0.1 0.5 -0 -0.1 
-0.4 -0.1 0.5 0.5 -0 0.1 -0 0.4 0 -0.5 -0.3 0 -0.4 0.4 0.5 0.3 0.1 0 0.4 -0.1 0.1 0.1 0.1 -0.2 -0.1 -0.4 0.5 -0.1 -0.1 0.3 
0.4 0.2 -0 0.3 0.3 0 -0.2 0.5 -0.1 -0.1 0.4 -0.5 0.4 0.3 -0.4 -0.2 0.5 0.3 0.3 0.2 0 -0.1 -0.3 0 0.3 -0.3 0.3 0.4 -0.4 -0.5 
-0.4 -0.5 0.1 -0 0.1 0.3 0.3 0.1 0.3 -0.1 0.5 0 0.2 0.1 0.2 0.3 0.3 -0.2 -0.4 0.3 -0.3 0.3 0.1 0.3 0.2 0 -0.4 -0.1 0.3 0 
-0.1 0.4 0.5 0.3 -0.5 -0.4 0.1 0.2 0.2 -0.2 0.5 -0.1 -0.2 0.1 -0.1 0.1 0.2 -0.2 -0.5 0.2 0.3 0 0 -0.3 -0 -0.1 0.4 -0.1 0.1 -0.2 
0.1 -0 -0.4 -0.4 -0.1 0.4 0.2 0 -0.1 -0.2 0.1 -0.4 -0.2 -0.2 0 0.2 -0.3 -0.2 -0.4 0 -0.2 0.3 -0.1 -0.4 0.3 0 0.5 0.5 0.2 -0.2 
0.1 0 0.3 0.1 -0.5 0 -0.4 -0.2 -0.1 0.4 0.4 0.4 0.1 -0.4 -0.1 0.3 0.2 -0.5 0.4 0.5 -0 0 -0.1 -0 0.3 0.4 0.1 0.4 0.2 0.3 
-0 0.3 0 0.4 0.5 0.3 -0.2 -0.4 -0 -0.4 0.1 0.2 0.1 0 -0.4 -0.2 0.4 -0.4 0.2 -0 -0.3 -0.4 -0.4 -0 -0 0.3 -0.3 -0.4 0.1 0.1 
-0.4 -0.1 0.2 -0.4 0.4 0.5 -0.3 0.4 -0.3 -0.2 -0.1 -0.4 0 0.4 -0.5 -0.4 -0.4 -0.1 -0.1 -0.5 -0.1 -0.5 0.3 -0.1 0 0.5 0.5 -0.4 0 -0.5 
-0.4 0.2 -0.5 -0.4 0 -0.4 -0 -0.1 -0.4 0.1 -0.2 0.1 0.2 -0 0.4 -0.3 -0.1 -0.4 -0 0.1 0.5 -0.5 0 0.5 -0.4 -0.2 -0.3 -0.3 -0.2 -0.5 
-0 0.2 0.5 0.1 -0 0.3 -0.4 0.1 0 -0.5 -0.4 -0.4 -0 -0.5 -0.2 0.2 0.5 0 0 -0.2 0 -0.1 0 -0.4 0 0.1 0.3 -0.1 0.4 0.3 
0.5 -0.5 0.5 -0.4 -0.5 0.3 -0.2 0.1 0.5 -0.4 -0.1 0.5 -0.5 -0.3 0.5 0 0.5 -0.4 0.5 -0.5 0.1 0.1 -0.2 0.3 0.3 0.5 -0.4 -0.4 -0.2 -0.3 
-0.1 0.4 0.3 0 0.1 -0.2 -0.3 -0.4 -0.1 0.5 -0.4 -0.4 0 0.3 0.1 -0.3 0.5 -0.4 0 0.1 -0.5 -0.2 0.5 -0.5 0.3 -0.5 -0.2 -0.1 0.3 0.2 
0.3 -0.4 0.3 0.1 -0 0 -0.3 -0.3 0.4 -0.3 -0 0 0.4 -0.2 -0.3 0 -0.1 0.5 0.1 0.3 -0 0.5 0.3 0.2 -0.1 -0 -0 0.5 0.3 -0.3 
0.1 -0.3 -0.4 -0.5 -0.1 -0.4 0.3 -0.4 0 0.3 -0.2 -0.1 0.1 0.2 0.4 -0 -0.1 0 -0.5 0 0.5 0.2 0.4 0.4 0.1 -0.3 -0.2 0.1 -0.1 -0.3 
-1.72874 2.04207 -0.374766 -2.58256 -4.36074 -4.59455 -1.56698 -8.9925 -6.39954 -19.2498 -6.17207 -21.3725 -8.3469 -2.81488 -2.55501 -4.47122 -5.22058 0.432648 -2.78514 1.9615 -0.00159226 -4.56911e-11 -0.0001639 -0.0359066 0.276881 -0.00610941 -0.00471318 -0.108371 -0.0226335 -0.101492 -0.00130823 -3.75406e-11 -0.000134663 -0.0295015 0.22749 -0.0050196 -0.00387244 -0.0890397 -0.0185961 -0.0833878 -0.000506023 -1.45207e-11 -5.20876e-05 -0.0114112 0.0879932 -0.00194158 -0.00149786 -0.0344406 -0.00719297 -0.0322544 -0.00081314 -2.33336e-11 -8.37007e-05 -0.0183369 0.141398 -0.00311997 -0.00240694 -0.0553433 -0.0115585 -0.0518303 -0.000628174 -1.80259e-11 -6.46613e-05 -0.0141658 0.109234 -0.00241027 -0.00185943 -0.0427543 -0.0089293 -0.0400404 -0.00106371 -3.0524e-11 -0.000109494 -0.0239875 0.184971 -0.00408141 -0.00314865 -0.0723976 -0.0151204 -0.0678021 -0.000717972 -2.06027e-11 -7.39046e-05 -0.0161908 0.124849 -0.00275481 -0.00212524 -0.048866 -0.0102057 -0.0457642 -0.000241529 -6.93085e-12 -2.48619e-05 -0.00544666 0.0419999 -0.000926733 -0.00071494 -0.0164388 -0.00343326 -0.0153953 -0.00130823 -3.75406e-11 -0.000134663 -0.0295015 0.22749 -0.0050196 -0.00387244 -0.0890397 -0.0185961 -0.0833878 -0.00168584 -4.83763e-11 -0.000173532 -0.0380168 0.293153 -0.00646846 -0.00499018 -0.11474 -0.0239636 -0.107457 -0.000585674 -1.68064e-11 -6.02865e-05 -0.0132074 0.101844 -0.0022472 -0.00173363 -0.0398617 -0.00832518 -0.0373315 -0.000127597 -3.66148e-12 -1.31342e-05 -0.0028774 0.022188 -0.000489581 -0.000377694 -0.00868439 -0.00181375 -0.00813314 -0.00135388 -3.88507e-11 -0.000139362 -0.030531 0.235429 -0.00519477 -0.00400757 -0.0921469 -0.019245 -0.0862978 -0.00135388 -3.88507e-11 -0.000139362 -0.030531 0.235429 -0.00519477 -0.00400757 -0.0921469 -0.019245 -0.0862978 -0.000400815 -1.15017e-11 -4.1258e-05 -0.00903868 0.0696984 -0.0015379 -0.00118644 -0.02728 -0.00569747 -0.0255484 -0.00162539 -4.66416e-11 -0.00016731 -0.0366536 0.282641 -0.00623651 -0.00481124 -0.110626 -0.0231044 -0.103604 -0.000340365 -9.76701e-12 -3.50355e-05 -0.00767547 0.0591866 -0.00130596 -0.0010075 -0.0231656 -0.00483818 -0.0216952 -0.00168584 -4.83763e-11 -0.000173532 -0.0380168 0.293153 -0.00646846 -0.00499018 -0.11474 -0.0239636 -0.107457 -0.00199908 -5.7365e-11 -0.000205775 -0.0450806 0.347623 -0.00767034 -0.00591738 -0.13606 -0.0284163 -0.127423 -0.00162539 -4.66416e-11 -0.00016731 -0.0366536 0.282641 -0.00623651 -0.00481124 -0.110626 -0.0231044 -0.103604 -0.000263626 -7.56494e-12 -2.71364e-05 -0.00594496 0.0458424 -0.00101152 -0.000780348 -0.0179427 -0.00374736 -0.0168038 -0.00184157 -5.28451e-11 -0.000189562 -0.0415287 0.320233 -0.00706599 -0.00545115 -0.125339 -0.0261773 -0.117383 -0.00171322 -4.91622e-11 -0.000176351 -0.0386344 0.297915 -0.00657354 -0.00507124 -0.116604 -0.0243529 -0.109203 -0.00171322 -4.91622e-11 -0.000176351 -0.0386344 0.297915 -0.00657354 -0.00507124 -0.116604 -0.0243529 -0.109203 -0.000433941 -1.24523e-11 -4.46679e-05 -0.0097857 0.0754588 -0.00166501 -0.00128449 -0.0295346 -0.00616834 -0.0276598 -0.00148127 -4.25062e-11 -0.000152475 -0.0334038 0.257581 -0.00568355 -0.00438465 -0.100817 -0.0210558 -0.0944177 -0.00196681 -5.6439e-11 -0.000202454 -0.044353 0.342012 -0.00754653 -0.00582187 -0.133863 -0.0279576 -0.125366 -0.000717972 -2.06027e-11 -7.39046e-05 -0.0161908 0.124849 -0.00275481 -0.00212524 -0.048866 -0.0102057 -0.0457642 
