0 0 0 0 0 0 0 0 0 0 0 0 0 0 0 0 0 0 0 0 0 0 0 0 0 0 -0.2 0.3 0.2 0.1 -0.3 0.3 0.5 0.3 -0.5 0.3 0.3 0.3 0.2 -0.2 -0 0.2 0 -0.5 0.1 0 0 -0.4 0 0.5 -0.4 0.4 -0.3 -0.2 -0 0.2 -0.2 0.1 -0.5 0.5 0.3 -0.1 -0.5 -0.5 -0.1 -0.4 -0.3 0.5 0.5 -0.2 
0.3 0.5 -0.5 0 0.5 0.3 0.5 0.1 0.3 -0.5 -0.4 0.2 -0.2 -0.4 0.4 0.4 -0.2 -0.3 -0.1 -0.4 0.5 -0.4 -0.5 0.1 0.1 -0.1 -0.1 0.2 -0.3 0.3 0.4 -0.1 -0.2 0.4 0.4 0 -0.3 -0 0.3 0.5 0.5 0.5 0 -0.5 0.4 -0.2 0.2 -0.3 -0.4 0.5 0 -0.3 0.2 0.4 -0.4 -0.1 -0 0.5 0.2 0 0.5 0.4 0.2 0.3 0.2 0 0.5 -0.4 0.5 -0.5 
-0.4 -0.2 0.3 -0.5 -0.4 -0.3 -0 0.1 0.2 0 0.2 0 0.1 -0 -0 -0.2 0.4 -0.3 0.2 0.5 0.3 -0 -0.1 -0.1 -0.2 -0.1 0.5 -0 -0.2 0.4 0.4 0.5 0.1 0.2 0 0.2 -0.3 0.1 0.2 0.5 0.2 0.2 -0.3 -0.4 0.1 0.4 -0.5 -0.2 0.1 0.4 -0.4 -0.1 -0.1 0.1 -0.2 0.3 0.4 0.2 0.1 0 0.1 0 0 0 -0.2 -0.1 -0.2 0 -0 0.3 
0 0.5 -0.4 -0.1 -0.5 -0.4 0.3 0.4 -0.2 -0.3 0 0.3 0.2 0.1 0.2 0.2 0.3 -0.1 -0.2 0.3 0.5 -0 -0.5 -0.2 -0.2 -0.3 0.5 -0 -0.1 -0.1 -0.4 0.5 -0.3 -0.4 0.5 -0 -0.4 0.2 -0.3 0.2 -0 0.3 -0.5 -0.3 0.3 0.3 -0 0.4 0.5 0.2 -0.2 0.4 0 0 0.2 0.1 0.4 -0.4 -0 -0.1 -0.1 0.4 0.1 0.2 0.3 0.1 -0.2 -0.5 0.3 -0.4 
0.4 0.4 0.3 0.4 -0.5 -0.1 -0 -0.3 -0.2 -0.5 -0.1 -0 -0.4 -0.3 0.1 0.4 -0 0.5 -0.1 -0 0.1 -0.1 -0.1 0.4 -0.1 -0.4 0.2 0.1 -0.3 -0.5 0.5 -0.1 -0.1 -0.2 0.2 0.5 -0.4 0.4 -0.3 0.4 0.4 0.3 0 0.3 -0.1 0 0.3 -0.1 -0.4 -0.3 -0.4 0.4 0.5 -0.3 0.3 -0.2 -0.3 -0 -0.4 -0.2 -0.4 0.4 -0.2 -0.2 0.1 0.3 -0 0.3 -0.5 0.5 
0.3 0.2 0.5 0.5 -0.3 -0.5 -0.2 -0.1 0 -0 -0.5 0.2 0 -0.3 -0.3 -0.3 0.1 -0.4 0.5 -0.2 -0.5 -0.2 -0.2 -0.3 0.3 -0 0.5 0 -0 0.4 -0.3 0.2 0.5 0.4 -0.2 0.4 -0.5 0 -0.2 -0 -0.2 0.3 0.4 0.3 0 0.4 -0.2 0.3 -0.4 -0.2 0 0.3 -0.5 -0.3 -0.2 -0.4 -0.1 -0.5 -0.3 0.2 -0 0 0.4 -0 0.5 0.5 -0.5 0 0.4 -0.3 
0.4 -0.3 -0.4 0.5 0.1 -0.1 -0.5 0.2 -0.3 0.1 0.4 0.3 -0.3 0.5 -0.3 0.5 0.5 -0.5 0.3 0.4 0.3 -0.4 0.3 0.1 -0.2 -0.1 0.1 -0.4 0.5 -0.3 0.2 -0 -0.4 0.3 -0.4 -0.4 0.3 0.4 0.4 0.3 0.1 -0 0 0.5 -0.4 0.3 0.1 0.5 -0.4 -0.5 0.2 -0.4 -0.3 -0 -0.1 -0.3 0 -0.2 0.4 -0.3 0 -0.4 -0.5 -0.5 -0.4 0.1 -0.1 0.2 0.3 0.5 
0.4 0.4 0.5 0.3 -0.4 0.1 0.5 -0.1 0.1 0.5 -0.4 -0.4 -0.5 -0.3 0.5 0.4 -0.4 0.4 0.2 -0.3 0.5 -0 -0 0.1 -0.2 -0.5 -0.4 -0.2 -0.2 0.5 0 -0.1 -0.1 -0.5 -0.2 0.2 0.3 0.3 0.2 0.3 -0.1 0.2 -0.4 0.2 0 -0.4 -0 0.2 -0.3 -0.1 0.1 -0 -0.5 -0.1 0.3 0.3 -0.5 -0.2 -0.5 -0.1 0.2 0.3 -0.4 -0.4 -0.4 -0.3 -0.2 -0.4 0.2 -0.4 
0.2 -0.3 -0.4 -0.2 -0 -0.5 -0.5 0.4 -0.3 0.5 -0.4 0.5 0.2 -0.2 0.5 0 -0.5 -0.4 -0.5 0.3 -0.3 0 -0.5 0.2 0.3 -0 -0.2 -0.5 0.4 0.4 -0 -0 0.4 0.5 -0.4 0.1 0.1 -0.3 0.2 -0 -0.1 0.4 -0.3 -0.5 0.3 -0.1 0 0 -0 -0.4 -0 -0.5 -0.3 0.5 -0.5 -0.2 0.4 0.1 -0.1 0.3 -0.2 -0.5 0.3 -0.5 -0.4 0 0.1 -0.1 0.5 0.1 
-0.4 -0.3 0.1 -0.5 -0.3 -0.2 -0.4 -0 -0 -0.2 0.1 -0.5 -0.4 0.5 0.1 -0.5 -0 0.3 0.5 0.1 -0.3 -0.2 -0.2 0 0 -0.2 -0.2 -0.2 0 0 -0.5 -0.2 -0.2 -0.3 -0.5 0.2 -0.3 -0.2 -0.5 -0.5 -0.2 0.5 0.1 -0.2 -0.3 -0.4 0 0.4 0.3 -0 -0.4 0.4 -0.5 0.5 -0.3 0.2 -0.4 -0.1 0.5 0.5 0.5 0.3 -0.2 -0 0.2 0.1 0.2 -0 0.5 -0.5 
-0.1 -0.2 0.5 0.4 0 -0.4 -0.3 -0.2 0 0.2 -0.2 -0.5 -0.4 -0.3 -0.2 0 0.5 -0 0.5 0.4 -0.3 -0.2 -0.2 0.3 -0.5 -0.2 -0.4 -0.2 0.5 -0.3 -0.1 0.1 -0.3 -0.1 0.3 0.5 -0.1 -0.2 -0.3 -0.4 0 0.2 0 0.4 -0 -0.2 -0.1 0 0.3 0.4 -0 -0.4 -0.2 0.2 0.3 -0.2 -0.3 0.5 -0.5 -0.4 -0.4 -0.4 0.3 -0.2 0.3 -0.5 -0.4 -0 -0.3 0.5 
0.5 -0.5 -0 0.2 -0.3 -0.2 0.4 0 -0.1 0.5 0.1 -0.3 0 -0.3 0.4 0.4 -0.3 0.4 -0.2 -0.2 0.4 0.4 0.1 0.5 0.2 0.5 0.1 0 0 -0 0.1 0.5 0.2 0 -0.1 0.5 -0.3 -0.3 0.5 0.4 -0.4 -0.1 0 -0.4 0.2 0.4 -0 -0.2 -0.5 0.2 0 -0.1 -0.4 0.3 -0 0.4 -0.5 0.3 -0.1 -0.3 0.1 -0.1 -0.1 -0 0.1 0.3 0.1 0.1 -0.1 -0.4 
-0.5 -0.2 0.1 -0 0.2 -0.2 -0.3 0.1 0.3 -0.2 -0 -0.3 -0.2 0.5 -0.5 -0 0.2 -0.5 -0 -0.4 -0.4 0.2 -0.4 -0.3 0.3 0.5 -0.5 0.2 -0.2 -0 0.1 -0.4 -0.2 -0.5 0.4 -0.3 -0.5 0.2 0.1 0.4 0 -0.3 -0.1 0.5 -0.3 -0.3 0.4 0.4 0.1 -0.5 0.2 0.5 -0.4 -0.1 0.3 -0 -0.4 0.5 -0.4 0.5 -0.5 0.2 0.2 0 0.5 -0 -0 -0.2 0.4 0.2 
0.1 -0.5 0.3 0.1 -0 0.4 0.1 0 -0.2 0.3 -0 -0.2 0 -0.2 -0.3 -0.1 0.4 0 -0.3 0.4 -0.4 0.1 -0.1 -0.3 -0 0.1 0.2 -0.2 0 0.1 -0.5 0.4 -0.1 0 0.2 0.5 -0.5 -0 0.4 -0.3 0.4 0 0.4 0.4 0.5 0 0 0.4 -0 0.1 -0.1 -0 0.4 0 0.2 -0.3 0.4 -0.2 0.4 0 -0 0.5 -0.4 -0.4 -0 0 -0.5 0.3 -0.2 -0.1 
0.2 0.2 0 0.2 0.5 -0.1 -0.1 0.4 0 -0.3 0.1 -0.5 0.5 0.3 -0.5 0.4 -0.1 0.2 -0.5 0.5 0.5 0.5 -0.2 0.5 0.5 0 0.3 -0.4 0.1 -0.1 0.1 -0.2 0.2 0.1 -0 0.3 0.2 0.5 -0.4 0.3 -0 0.5 -0.5 -0.1 -0 0.5 0.4 -0.4 0.1 0.5 0.4 0.4 -0.2 -0.4 -0.1 -0.4 -0.3 0 -0.5 -0 0.5 -0.2 -0.3 0.5 0.4 0.2 -0.2 0.2 -0.3 0 
0.3 0.1 -0.2 -0.2 0.4 0 0.5 0.3 0.4 -0.3 -0.1 -0.2 0.4 0.5 -0 -0 -0.1 -0.2 0.1 0.2 -0.4 0.1 0.2 -0.2 0.2 -0.1 -0.3 -0.1 -0.3 0.2 -0.1 0.3 -0.2 -0.5 -0.2 -0 0.3 0 -0.3 -0.1 -0 -0.2 -0.2 0 0 -0.1 0.3 0.3 -0.2 0 0.3 -0 0.1 -0.1 0.2 0.1 0.3 -0.4 0.3 0.4 0.3 -0 -0.2 -0.2 0.3 -0.4 0 0.2 -0.3 -0.1 
-0.3 0 -0.1 0.5 -0.4 -0.3 0 -0.5 0 -0 -0.4 0.1 0.1 -0.3 0.4 0 -0.2 0.4 0 -0.1 0.2 0.4 -0.1 -0.1 -0.5 0 -0.4 -0 -0.2 -0 0.4 0.5 0.2 0.2 0.3 -0.4 0.3 -0.1 0.2 0.1 -0.2 -0.1 -0 -0.2 0 0 0.4 0.1 0 -0 -0.3 -0.1 0.4 0.1 0.1 0.4 -0 -0 0.4 -0.1 0.1 -0.5 0.5 0 -0.3 -0.1 0.2 0.3 0.3 0.4 
0.2 0.3 0.5 0.1 -0.3 0.4 0.1 -0.4 -0.3 -0.4 0.4 -0.5 0.2 0 -0.4 0.5 0.5 0.3 0.2 0.4 -0.2 0 -0.1 0.2 0.1 -0.2 -0 -0.3 0.1 -0.1 -0.4 0 -0.5 -0.1 -0.1 -0.5 -0.3 -0.4 0.5 -0.4 -0 -0.2 0 0.3 0.5 0.5 -0.3 -0 0.2 0.1 -0.5 0.4 -0.1 -0.3 -0.2 0.4 0.1 0.4 -0 -0.5 0.4 -0.3 -0.4 0.5 -0.4 0 -0.3 -0.4 0.4 0.3 
0.2 -0.4 -0.2 0 0 0.2 0.1 0.1 -0.2 0.2 0.4 -0.1 -0 0.4 0.4 -0.2 0.5 0.1 -0.4 -0.5 0.3 0 0 -0 0.5 0 0.3 -0.3 -0.5 -0.3 -0.1 -0.1 0.1 0.3 0 0.4 -0 -0.4 0.4 0 0.4 0 0 -0.1 -0.3 -0.5 0 0 0.3 -0.2 -0.3 0.2 0.3 0.2 0.2 -0.4 -0.5 0.1 -0.5 0.5 0.3 0.2 0.4 0 -0.3 0 -0.4 -0.3 0.1 -0.2 
0.4 0.3 0 0.5 -0.2 0.4 0 0.2 -0.1 0.4 0.2 -0.3 0 0 -0.2 0.5 0.2 0.2 0.4 0.4 -0 0.3 -0.2 -0.2 -0.5 0.4 -0.5 -0.5 -0.4 0.5 0.2 0 -0.3 -0.3 -0.3 -0.4 -0.3 -0 0.4 0.5 -0.3 -0.2 0.1 0.4 -0.4 -0.5 0.3 -0.1 0.4 -0.4 -0 0.3 0.2 -0 0 -0.2 -0.1 0.5 0.4 -0.1 0.2 0.1 0.5 0.2 0.5 0.5 0.1 0.2 -0.4 0.5 
0.5 -0.1 0 0 0 -0.5 0.3 0.4 -0.4 -0.5 0.1 0 0.3 0.1 -0 -0.5 -0 0.4 0.2 0.3 0.2 0.3 -0 -0.4 0 -0 0 0 -0 0.4 0.5 -0.4 -0.5 0 -0.4 -0.2 0.5 -0.4 -0.2 0.1 -0.4 0.1 0 -0.3 -0.5 -0.3 0.2 -0.4 -0.3 0 0.3 0 0.5 0.3 0.5 0.3 -0.2 0.5 -0.1 0 -0.5 -0.5 -0.5 -0.4 0.3 0 0.1 -0 0.1 -0.4 
0 -0.1 0.1 0.1 -0.2 -0.2 -0.3 -0.4 0.1 0 0.5 -0.5 0.4 -0.2 -0.1 -0.2 -0.2 -0.1 0 -0.3 0.2 -0 -0.4 0.3 -0.5 0.4 0.1 -0.2 -0.4 0 -0.5 0.2 0.4 0.4 0.5 -0.4 -0.4 0.3 0.1 0 0.2 0 -0.3 0.2 -0.2 -0.3 0.3 -0.4 -0.1 0.3 0.1 0.4 -0.2 -0.5 -0.1 -0.5 0.5 -0.1 0.5 0.4 0.1 -0.2 0.4 0.4 0.4 -0.4 -0.5 0.2 0.1 -0.1 
-0.3 -0.3 0.2 0.5 0.2 -0.2 -0.4 0.4 0 0 0.5 -0.3 -0.5 -0.3 -0 0 -0.1 -0.2 0.5 -0.4 0.4 0.5 0.2 -0.2 0.1 -0.4 -0 -0.2 -0.2 -0.2 0.5 0.4 -0.3 0.3 -0.3 -0.1 -0.5 0.1 -0.2 -0.1 -0.2 -0.2 0.4 0.2 0.1 0.4 -0.5 0 0.4 -0.1 -0.2 0 -0.1 -0 -0.5 -0.2 -0.2 -0.4 0.1 0 -0.2 0 -0.5 0 -0.1 -0.1 -0.2 -0.2 -0.5 0.4 
0.3 0.3 -0.3 -0.1 -0.5 -0.2 0.3 0.3 0.4 -0.2 -0.3 -0 -0.2 0 -0.4 0.3 -0 -0.4 0.4 -0.5 0.4 -0.2 -0.5 -0.2 -0.1 0 0.1 0.3 -0.2 -0.3 0.5 0.1 -0.5 -0.5 0 0 0.1 0.3 0.5 -0.1 0.1 -0.4 0.3 -0.4 -0 -0.3 -0.5 0.3 -0.5 0.1 -0.3 -0.1 0.1 -0.3 0 0.5 0.2 -0.4 -0.1 0.3 -0.1 0.5 -0.1 0.4 0 -0.2 -0.4 -0 -0.4 -0.3 
-0.3 0.1 -0.4 -0.3 -0.4 0 -0.2 -0.2 -0.3 0 0.3 0.5 -0.3 -0.4 0 0.5 0.4 0.1 0.1 0.5 -0 0.1 -0.1 -0.2 -0 0.5 -0.4 0.1 0.2 -0 0.1 -0.4 0.3 0.4 0 0 -0.2 -0.2 -0.4 0.4 0.3 -0.4 -0 -0.5 0.4 -0 0.2 -0.2 -0.1 0 -0.2 0 0.1 0.2 -0.3 0.2 0.2 0.3 0.5 -0.4 -0.2 0.5 -0.5 -0 0 0.4 0.4 0.1 -0.3 -0.3 
0.1 -0.4 -0.3 -0.5 0.2 -0.3 -0.4 -0 -0.2 0 0.5 0.5 -0 0.1 -0.1 0.1 0.1 -0 0.3 -0.4 -0.5 -0 -0 0.4 -0.5 0.1 0.4 0.5 -0.4 0.4 -0 0.4 -0.1 0.1 0.5 -0.4 0.3 0.1 -0.3 0.4 0 0.2 -0 -0.2 -0.4 0.2 0.4 0.2 0 -0.4 0.5 0.2 0.5 0.1 0.2 0 0.4 0.5 0.5 -0.1 -0.2 0.4 0 0.2 -0.5 -0.3 0.1 -0.4 0.1 0 
-0.4 0.4 0.4 -0.4 0.5 0.3 -0 -0.1 0.5 0.3 -0.1 0.1 0.4 0.1 -0.2 -0.1 0.2 -0 0.2 0 -0.2 0.2 0.3 0.1 -0.4 0 -0.1 -0.3 -0.3 0.4 -0 -0.3 0.2 -0 -0 -0.2 0.5 -0.3 0.5 0.1 -0.2 -0.4 -0.5 -0.2 0.2 -0 0.2 -0.4 -0.3 0 -0.5 0.3 0.1 0.3 0 0.1 -0.2 -0.4 -0.5 -0.1 -0.2 -0.3 0.1 -0.5 0.3 -0.5 -0.4 0.3 -0.5 0.4 
-0.3 -0.4 -0.1 -0.4 0 -0.3 0.1 0.4 0.3 0.2 0.1 -0.1 -0.1 -0.5 0.3 -0.2 0 0.1 -0.3 -0.3 -0.1 0.3 0.4 0 -0.4 0 -0.1 -0.3 0.4 0.5 0.3 -0 -0.1 0.1 -0.5 0.4 0.3 0.4 -0.2 0.1 0.4 -0.5 -0 0.2 -0.2 -0.1 -0 -0.5 -0.1 0.2 -0 -0.3 -0.1 0.3 -0.4 0.1 -0.3 0.2 -0.5 0 -0.3 -0.3 -0.3 0.1 0.4 -0.1 0 -0.4 -0.5 -0 
-0.1 -0.2 0.4 -0.3 -0.5 0.2 -0.5 -0.2 0.3 -0.5 -0.5 0 -0.3 0.3 0.3 -0.4 0.1 0 -0.1 -0 -0.3 0.2 -0.4 0.3 -0.2 0.3 -0.1 -0.2 0.1 -0.5 0.5 -0 0.1 0.1 -0.5 -0.2 -0.3 0.2 -0.2 -0.5 0.2 0.1 -0.3 0.3 0.5 0.4 0.3 0 -0 -0 -0.4 0.4 0.4 0.5 0 0.1 0.2 0.1 -0.2 0.5 0.1 -0.2 0.5 -0.1 -0 -0.3 -0.5 -0.1 -0.2 0 
0.1 -0 -0.5 -0.5 0.5 0 0.2 0.1 -0.1 0.5 0 0.1 -0.5 0.5 -0.2 -0.5 -0.4 -0.3 -0 0.5 0.4 -0.2 0.4 -0 -0.2 -0.1 0.3 0.3 0.4 0.2 -0.1 -0 -0.1 -0.3 -0.1 0.5 0.4 0.2 0.1 0.3 -0.3 -0.1 0.5 -0.3 0.1 -0.3 -0.4 -0.2 -0.3 -0.5 0 0.2 0.2 -0.4 0.5 -0.3 -0.2 -0.3 0.2 0.4 -0.1 -0.2 0.2 -0.3 -0 0.2 0.3 0.2 -0.1 0.3 
-0.2 -0.2 0.4 -0.4 0 0.5 -0.3 0.5 0.3 -0.1 -0.1 -0.2 0.4 0.4 -0.5 -0.2 -0.4 0.3 0.4 0.4 0.4 0.5 0.4 -0.2 -0.4 -0.4 -0.3 0.4 -0.1 0.2 0.1 -0.5 0.5 0.4 -0.2 -0.1 -0.1 -0.5 -0.2 -0.4 0 0.1 -0.5 -0 0.5 -0.2 -0.4 -0.3 -0.5 -0.5 0.2 0.5 -0.1 0.4 -0.1 0.5 -0.3 -0.3 0.2 -0 0.2 0.5 0.1 0 0.5 -0.4 0.1 -0.1 -0.5 0.2 
0 0.4 -0.3 -0.5 -0 -0.3 -0.5 0.5 0 -0.1 0.2 -0.4 0.3 -0.5 0.1 -0.3 0.5 -0.3 0 -0.4 0.4 -0.5 0 -0.4 0.4 -0.2 -0.5 0.3 0.2 0.4 -0.3 -0.5 -0 -0.1 0.2 -0.3 0.5 0.2 -0.3 -0.1 0.4 0.1 -0 0.1 0 0 -0.5 -0.4 0.4 0.2 0.3 -0.5 0.4 -0.5 -0.4 -0.1 -0.1 0.2 -0.2 0.4 0 0.4 -0.3 0.1 0 0 0.1 -0.4 -0.5 0.5 
-0.1 0.4 0.5 -0.3 -0.1 -0.2 -0.1 0.4 -0 0.5 -0 -0.5 -0.3 -0.3 0.5 0.3 0.4 0 -0.5 0.1 0.1 -0.5 -0.1 -0.4 -0.3 -0.2 -0.4 -0.3 -0.3 0.1 0.4 -0.3 0.1 -0.2 0.3 -0.2 -0.4 -0.4 -0 0.4 0.5 -0.5 -0 0.1 -0 0 0.3 -0.3 0.4 -0 0.2 0.5 0.5 -0.3 0.5 -0.2 0 -0.3 -0.2 0.4 0.5 0.3 0.5 0.3 0.5 -0.4 -0.2 -0.3 -0 0.5 
-0.5 -0.5 0.5 0.5 -0.5 -0.5 0.4 0.2 -0 -0.5 -0.5 -0.2 -0 -0.4 0.3 0.3 -0.5 0.1 0.3 0.1 0.5 -0.4 -0.5 0.5 0.4 0.3 -0.2 0.4 0.3 0.1 -0.2 0.2 0.3 -0.2 0.5 0.4 0.3 0 0 -0 0.5 0.1 -0.2 -0.2 -0.4 -0.2 0.3 0.4 0.5 -0.2 0.3 0.5 0 -0.4 -0 -0.1 -0.1 -0.3 -0.4 -0 0.4 -0.5 -0.5 -0 -0 0.3 -0.3 0.5 -0.3 0.2 
-0.1 0.5 0.1 0.1 -0.3 -0.4 -0 -0 0.2 0.1 -0.3 0.4 0.3 0.1 0 0.2 -0.2 -0.5 -0.5 0.4 0.5 0.1 0.1 -0.4 0.2 -0.1 -0.5 -0.1 0.1 0.1 -0.2 -0.4 0.2 -0.3 -0.3 0.1 -0.2 0.1 0.1 -0 -0.2 -0 -0.2 -0.2 0.2 -0.3 0 0.5 0.5 0.5 -0.2 0.2 -0.4 -0.1 -0.2 -0.5 0.4 -0.1 0.3 -0.2 -0 0.5 0 0.2 -0.1 -0.4 -0.3 0 -0.3 -0.3 
-0.4 0.5 0.3 -0.1 0.4 -0.3 -0.3 -0.5 -0.1 0.1 0.1 -0.2 -0.4 0.2 -0.4 -0.3 0.3 0.3 -0.1 0.1 0.1 -0.1 -0.2 0.4 -0 -0 0.1 0.5 -0 -0.4 0.1 -0.5 0.2 0.3 -0.4 -0.1 -0.2 0 0.5 -0.3 -0 -0.5 -0.1 0.4 0.2 -0.4 -0.2 -0.5 0.3 -0 -0.4 -0.5 0.4 -0.2 -0 -0 -0.3 0.4 0.2 -0 0.4 -0.3 0 -0.3 0.2 -0.3 0.2 0.4 0 0.1 
0.5 0.3 0 0.1 0.3 -0.1 -0.2 0.3 -0.3 0.3 -0.3 0.3 0.5 -0.2 -0.5 0.1 -0.4 -0.1 0.3 0.2 0 -0.3 0 0.1 -0.5 0.1 0.1 0.2 0 -0.3 -0.1 0 -0.3 0.5 0.2 -0.2 0.3 -0.3 -0.2 0.4 -0.5 -0.5 0.2 0.4 0.1 -0.3 0.5 0.5 -0.4 0.1 0.3 0.1 0.5 0.5 -0.4 0 -0.1 0.5 -0 -0.1 -0.4 -0.1 0.5 0.5 -0 0.1 -0 0.4 0 -0.5 
-0.3 0 -0.4 0.4 0.5 0.3 0.1 0 0.4 -0.1 0.1 0.1 0.1 -0.2 -0.1 -0.4 0.5 -0.1 -0.1 0.3 0.4 0.2 -0 0.3 0.3 0 -0.2 0.5 -0.1 -0.1 0.4 -0.5 0.4 0.3 -0.4 -0.2 0.5 0.3 0.3 0.2 0 -0.1 -0.3 0 0.3 -0.3 0.3 0.4 -0.4 -0.5 -0.4 -0.5 0.1 -0 0.1 0.3 0.3 0.1 0.3 -0.1 0.5 0 0.2 0.1 0.2 0.3 0.3 -0.2 -0.4 0.3 
-0.3 0.3 0.1 0.3 0.2 0 -0.4 -0.1 0.3 0 -0.1 0.4 0.5 0.3 -0.5 -0.4 0.1 0.2 0.2 -0.2 0.5 -0.1 -0.2 0.1 -0.1 0.1 0.2 -0.2 -0.5 0.2 0.3 0 0 -0.3 -0 -0.1 0.4 -0.1 0.1 -0.2 0.1 -0 -0.4 -0.4 -0.1 0.4 0.2 0 -0.1 -0.2 0.1 -0.4 -0.2 -0.2 0 0.2 -0.3 -0.2 -0.4 0 -0.2 0.3 -0.1 -0.4 0.3 0 0.5 0.5 0.2 -0.2 
0.1 0 0.3 0.1 -0.5 0 -0.4 -0.2 -0.1 0.4 0.4 0.4 0.1 -0.4 -0.1 0.3 0.2 -0.5 0.4 0.5 -0 0 -0.1 -0 0.3 0.4 0.1 0.4 0.2 0.3 -0 0.3 0 0.4 0.5 0.3 -0.2 -0.4 -0 -0.4 0.1 0.2 0.1 0 -0.4 -0.2 0.4 -0.4 0.2 -0 -0.3 -0.4 -0.4 -0 -0 0.3 -0.3 -0.4 0.1 0.1 -0.4 -0.1 0.2 -0.4 0.4 0.5 -0.3 0.4 -0.3 -0.2 
-0.1 -0.4 0 0.4 -0.5 -0.4 -0.4 -0.1 -0.1 -0.5 -0.1 -0.5 0.3 -0.1 0 0.5 0.5 -0.4 0 -0.5 -0.4 0.2 -0.5 -0.4 0 -0.4 -0 -0.1 -0.4 0.1 -0.2 0.1 0.2 -0 0.4 -0.3 -0.1 -0.4 -0 0.1 0.5 -0.5 0 0.5 -0.4 -0.2 -0.3 -0.3 -0.2 -0.5 -0 0.2 0.5 0.1 -0 0.3 -0.4 0.1 0 -0.5 -0.4 -0.4 -0 -0.5 -0.2 0.2 0.5 0 0 -0.2 
0 -0.1 0 -0.4 0 0.1 0.3 -0.1 0.4 0.3 0.5 -0.5 0.5 -0.4 -0.5 0.3 -0.2 0.1 0.5 -0.4 -0.1 0.5 -0.5 -0.3 0.5 0 0.5 -0.4 0.5 -0.5 0.1 0.1 -0.2 0.3 0.3 0.5 -0.4 -0.4 -0.2 -0.3 -0.1 0.4 0.3 0 0.1 -0.2 -0.3 -0.4 -0.1 0.5 -0.4 -0.4 0 0.3 0.1 -0.3 0.5 -0.4 0 0.1 -0.5 -0.2 0.5 -0.5 0.3 -0.5 -0.2 -0.1 0.3 0.2 
0.3 -0.4 0.3 0.1 -0 0 -0.3 -0.3 0.4 -0.3 -0 0 0.4 -0.2 -0.3 0 -0.1 0.5 0.1 0.3 -0 0.5 0.3 0.2 -0.1 -0 -0 0.5 0.3 -0.3 0.1 -0.3 -0.4 -0.5 -0.1 -0.4 0.3 -0.4 0 0.3 -0.2 -0.1 0.1 0.2 0.4 -0 -0.1 0 -0.5 0 0.5 0.2 0.4 0.4 0.1 -0.3 -0.2 0.1 -0.1 -0.3 -0 -0.4 -0.5 -0.2 0.1 0.5 0.1 -0 -0.2 0.1 
-0.3 0.4 -0.1 -0.4 0.4 -0.5 0.2 -0.4 0.4 0.4 -0.3 -0.3 0.1 -0.5 -0.3 0 0 0.1 -0.5 -0.5 -0.2 0.1 -0.4 -0.3 0.4 -0 -0.3 -0.5 0.5 0.1 0 -0.5 0.1 0 0.2 -0.3 0.2 0.5 0 0.2 0.2 0.1 -0.4 0.3 -0 0.3 0.1 0.4 0.1 0 -0.2 -0.5 0.3 -0.2 -0.1 0.3 -0.3 0 -0 -0.2 0.3 -0 0.2 -0.2 -0.5 0.4 -0.3 -0.3 -0 -0.2 
0 0.1 -0 0.2 -0.1 0.5 -0.3 0.5 -0.1 0.4 0.2 0 0.2 -0.3 0.5 -0 -0.1 0 0.2 0.1 -0 0.4 -0.2 0.5 -0.4 -0.2 0.2 0.2 0.3 -0.4 0.1 -0.5 0.3 -0.2 -0.5 -0.4 -0.2 -0.1 0.1 0 -0.1 0.1 -0.2 0.5 -0.5 0 0.5 -0.1 0.1 -0.3 0.5 -0.4 -0.4 -0.1 -0.3 -0 0.1 0.4 -0.2 -0.1 -0.3 -0.4 0.4 -0 -0 -0.4 -0.3 0.4 -0.1 0.3 
0.5 -0.2 -0.1 0.2 -0 -0.3 -0.2 -0.2 -0.4 0.4 0.2 0.4 -0.4 0.4 -0.2 -0.3 0.3 0.1 0.2 -0.2 0.3 -0.4 -0.2 0 0.4 -0.2 0.3 0.5 0.3 0.1 -0.5 -0.1 0.1 0.5 -0 -0 -0.2 0.2 0.2 -0 0.2 0.5 -0.1 0.5 0 -0.3 0.2 -0.4 -0.1 -0 -0 0.2 0 -0.2 0.4 0.5 0.5 0.3 0.4 -0.4 -0 -0.1 0.2 -0.3 0.5 -0.3 -0 0 0.3 0.1 
-0.5 0.3 0 0.2 0.1 0.1 -0.3 0.1 0.4 0 -0.4 -0 0.5 0.2 0.1 -0.5 0.5 0 -0.1 0.4 0.4 -0 -0 -0.3 0.2 -0.5 0.3 -0.2 0.4 0.3 -0.4 0.3 -0.1 -0.1 0.3 -0.2 -0 0 0.2 0.2 0.3 -0.2 0.5 0.3 -0 0 0.4 -0 -0.2 -0.5 -0.4 0.2 0.2 0.3 0.2 -0 0.5 0.4 0.4 -0.5 -0.1 -0.1 0.4 -0.1 0 -0.1 0.1 -0.1 -0.1 0.2 
0.5 0 0.3 0.4 -0.2 -0.4 -0 0.5 0.5 -0 0 -0.2 -0 -0.4 0.1 0.2 -0.5 0.1 0.4 0.3 0.1 0 0.2 -0.2 -0.4 -0.3 0 0.3 -0.5 0.1 -0.2 -0.4 -0.3 -0.3 -0.5 -0.4 -0.3 0.1 -0.5 -0 0.4 0.4 -0.2 0.4 -0.4 -0.4 0 0.2 -0 -0.4 -0.4 0.4 -0.2 -0 0.5 -0.2 -0.5 0 -0.2 0.4 0.5 -0.1 -0.3 -0.2 -0 -0.1 -0.3 -0.2 0.1 -0.4 
0.4 0.1 -0.2 0 -0.2 0.3 0.5 0.5 -0.3 0.4 0.5 -0.5 0.1 -0 0.2 0.2 0.2 -0.5 -0.3 -0.2 0.4 -0.4 -0.2 -0.4 -0.3 -0.1 0.4 0.1 -0 -0.5 0.4 -0.1 0.1 0.1 0 -0 0.1 0.3 -0 0.4 -0.1 0.2 -0.4 -0.1 0.2 0.5 0.4 0.3 -0 0.1 0 0 -0.2 0 0.2 0.2 -0.2 0.2 -0.3 -0.3 -0 0.2 0 -0.1 -0.1 0.3 -0.4 0 -0 0.5 
0.3 -0.1 -0.1 -0.2 0.5 0.2 -0 0.5 -0.1 0.4 0.2 -0.2 -0.3 0 -0.5 -0.1 0.5 0.3 0.2 0.3 -0.4 -0.2 0.1 -0.1 0.3 -0.2 -0.5 0.4 0.3 0.2 0 -0.2 -0.2 -0.1 0.3 0.1 -0.5 -0.2 0.4 -0.4 -0.1 -0.4 0.1 -0 0.1 0.4 -0.4 0 0.2 0 -0.2 -0.3 0 -0.4 0 -0.3 -0.2 -0.3 -0.4 0.4 0 0.3 0.5 0 -0.4 0 0.5 -0.4 -0.4 -0.5 
-0 0.2 0.4 0.5 0.2 -0 0.2 0.3 -0 -0.4 0.2 0.2 -0 -0.3 0.2 0.5 0.1 0.4 -0 -0.5 0.5 0.2 -0.2 -0 0.1 0.4 -0.4 0.2 0.3 -0.5 -0 0.1 -0 -0.4 0.1 -0 0.1 -0.3 -0.2 -0.1 -0.1 -0.4 -0.2 -0.2 -0 -0.1 0.3 0.5 0 -0 -0.3 -0.3 0.4 0.4 0.5 -0 0.3 0.5 -0.3 -0.2 0.4 -0.2 0.4 0.2 0.5 0.3 0.3 0.5 -0 -0.4 
-0 0.5 -0 0.2 0.2 -0 0 0.4 0.4 0 0.3 -0.4 0.3 -0.4 -0.4 0.4 -0.4 -0 0.4 -0 0 0.2 0.5 -0.1 -0.5 -0.5 0.5 0.1 0.5 -0.4 0.5 0.1 -0.2 -0.3 0.2 0.4 0 0.3 -0.3 0.5 -0.3 0.3 0.4 0.3 0.1 -0 0.5 -0.1 -0.4 -0.1 -0.5 -0.3 -0 0.1 -0.2 0.4 0 0.2 -0.4 -0.1 0.2 -0.2 0.2 0.1 0.5 -0.3 0.2 -0.1 0.3 0.4 
0.4 0 -0 0.2 -0.2 -0.5 0.4 -0.4 0.1 0.2 0.5 0 -0.3 0.2 0 0.4 -0.4 0.2 -0.1 0.4 -0.3 -0.5 -0.2 0.5 0.2 -0.2 -0.3 -0 0.3 0.3 -0 -0 -0.2 0 -0 0.4 -0.5 -0.2 -0.5 -0.3 -0.5 0.4 0.1 -0.5 0.1 0.5 0.5 0.3 -0 -0.2 -0.5 0 0 -0.3 -0 -0.3 -0.5 -0.2 0.4 -0.2 0.5 -0.4 0.3 -0.4 0.2 0.1 -0.3 -0.3 -0 0.4 
-0.1 -0.2 0.1 0 -0.3 0.5 0.4 -0.5 -0.2 -0.1 0.1 0.3 0.4 0.3 0.1 0.3 0.1 0.1 0 -0.2 0 -0.2 0.5 -0.1 -0.2 -0.2 0.5 -0.4 -0.4 0.4 -0.4 -0.5 -0.3 0.4 0.4 0.4 0.1 0.4 0 -0.2 0.2 0.4 0.1 -0.3 -0.3 -0.4 -0.1 0.2 0 0.4 0.2 0 0.1 0 -0.4 0.1 0.4 0 0.1 0.5 0.1 0.1 0.2 -0.3 0 -0.5 0.2 -0.4 -0.2 -0.2 
0.3 -0.2 0.5 -0 0.3 -0 0.5 -0.3 -0.3 0.2 -0.5 -0.3 -0 0 0.3 0.4 0 -0 -0.2 0.4 -0.2 0.1 -0.4 0.1 -0.2 -0.2 0.4 -0.3 0.3 0.3 0.2 -0.1 0 -0 0.4 0.5 0 -0.5 0.3 0.1 0.1 -0.2 -0.5 -0 0.1 -0.3 0 0.4 -0.5 0.1 -0 -0.1 -0 -0.1 -0.5 -0.5 -0.2 -0 -0.5 0.2 0.5 -0.2 0.5 -0.5 0.3 0 0.1 -0.1 -0.2 0.3 
0.3 0.1 0 -0.5 -0.4 -0.3 -0.2 0.1 -0.3 0.4 0.1 0 0.3 -0 0.2 -0.4 -0.1 -0.1 -0.4 -0.2 0 0.4 -0.2 -0.2 -0 0.1 -0 0.5 0.3 -0 -0 0.3 0.1 0.5 -0.3 0 0.4 0.3 0.1 -0.1 -0 0.4 0.2 0 0.1 0.1 0 0.2 -0.5 -0.3 0.5 -0.2 -0.3 -0.1 0.5 0.2 -0.5 0.1 -0.2 0.3 0.4 -0.4 -0.5 0.2 0.1 -0.3 -0.4 -0.2 -0.5 0.2 
0.2 0.1 -0.2 0.1 -0.2 0.1 -0.5 -0.4 -0.5 0.5 0.4 0.1 0 0 -0 0.1 0.2 0 0 -0.5 -0.1 0 -0.1 0.4 0.2 -0.1 0.4 0.5 0.4 -0.5 0.3 0.3 -0.4 -0.1 0 -0.3 -0.5 -0 -0.3 0.5 0.4 0.2 0.1 -0.2 -0.2 -0 -0.5 -0.2 -0.2 0.5 0.1 -0.5 0.2 0.3 0.2 -0.4 0.1 0.4 0 0.4 0.1 0 0.3 0.1 -0 -0.5 -0 0.4 0.2 -0 
-0.4 0.1 0.5 0.4 -0 0.5 0 -0.4 -0.2 0 0.1 -0.2 -0 0.5 0.1 0.3 0.4 -0 -0.1 0.4 -0.1 0.3 -0.3 0.1 -0.4 -0.2 -0.1 0.4 -0.2 -0.5 -0.3 -0.5 0.4 -0.1 -0.2 0.2 -0.4 0 -0 -0.1 0.5 -0.3 0.5 -0.5 -0.2 0 0.5 0.4 -0.1 -0.2 -0.1 -0.4 -0.1 -0.1 -0.4 0.3 -0.1 0.3 0.3 0.3 -0.5 -0.3 0.5 -0.2 -0.5 0.2 0.5 -0.4 0.4 -0.5 
0.3 0 0.2 -0.2 -0.2 -0.5 -0 0.5 0.2 -0.5 -0.2 -0.5 -0 -0 0.4 -0.1 -0.2 -0.5 0.4 -0.4 0.4 -0.3 -0.1 -0.3 -0 0 0.3 0.2 0.5 0 0.3 -0.1 -0.4 -0.2 -0.4 0.1 -0.5 -0 0.4 -0 0.5 0.3 0.2 -0.2 0.3 -0.2 0.2 -0.2 -0.2 0.2 -0.2 -0.2 -0.4 0.3 0.3 -0.3 0 0 0.1 -0.2 0.4 0 0 0.5 0.4 -0.1 0.1 -0.5 -0.3 -0.4 
0.4 -0 0.3 -0.1 0.2 -0 0.4 0.2 0.1 0.2 -0.5 0 0.3 -0.2 -0 0.5 -0.3 0.1 0.5 0 -0.2 0.3 0.2 -0 -0.3 0.1 -0.2 -0.5 0 -0.5 -0.3 0.4 0.4 -0 -0 0 0 -0.4 -0.1 0.2 0.2 -0.3 -0 -0.3 -0 0 0 0.4 -0.1 -0.2 -0.1 -0.3 0.4 -0.3 -0.1 -0 0.1 -0.1 -0.2 0.4 -0 0.3 0.4 -0.5 0.2 0.3 0.5 -0.2 -0 -0.5 
0.2 -0 -0 -0.1 -0.3 -0.2 -0.2 -0.3 0.2 -0.2 -0.3 0.3 0.5 -0.1 -0.2 0.5 0.3 -0 0.2 -0.3 -0.4 -0.4 0.2 0.3 0.3 -0.5 0.5 0 0.1 -0.2 -0.4 -0 -0.3 0.1 -0.5 0.3 -0.1 -0 -0.1 -0.4 0.2 -0.4 0.4 0.2 -0 0.5 0.2 -0.3 -0.3 -0.2 0.5 -0.1 -0.1 -0 0.2 0.1 -0 -0.3 0.4 -0.1 0.4 0 0.1 -0.3 0.4 -0.2 0.3 0.1 0.3 -0.4 
0.2 -0.1 0.5 0.4 -0.5 -0.5 -0.2 -0.1 -0 0 -0 0.5 -0.2 0.5 0.1 -0.2 -0.5 -0.3 0.5 -0.1 0.5 0 -0.3 -0.2 -0.2 0.4 0.3 -0.1 -0.3 0.3 -0.1 -0 0 0.4 -0.5 -0 0.1 0.3 0.3 0.4 -0 0.3 -0.2 0.1 -0.2 0.2 0 -0.2 0.1 -0.2 0.2 0.1 0 0 -0 0.1 -0.5 0.2 -0.1 -0.2 -0.4 -0.5 0.2 0.2 -0.1 0.5 -0.4 0.5 0.1 0.4 
-0.2 -0.2 -0.1 -0.2 0.4 -0.4 0.4 -0.4 0.5 -0.5 0.3 0.2 0.1 -0.2 0.5 0.3 0.3 0.3 -0.1 0.3 -0.5 -0.2 -0.5 0.5 0.5 0.1 -0 -0.5 -0.4 -0.1 0.4 -0.2 -0.1 -0.2 0.5 0.5 0.5 -0.3 0.4 0.3 -0.4 0.2 -0.1 -0.2 -0.5 0.3 -0.5 -0.2 0.3 -0 0.1 -0.3 0.3 0.5 -0.1 0 -0 -0 -0 -0 -0.3 0 0.1 -0 0.4 0.5 -0.1 0.1 0 0.5 
-0 0.5 0.5 -0.1 -0 0.1 -0.4 -0.3 -0 -0.2 0.5 -0.5 -0.5 -0.5 -0.3 -0.1 0.3 0 0.5 0.3 0.2 0.1 0.2 -0.1 0 -0.5 0.4 0.3 -0.1 0.3 -0.3 0.1 0.2 -0.4 -0.1 0.3 -0.4 -0.5 0.2 -0.1 0 0.2 -0.2 -0 0.4 -0.1 -0.5 0 -0.5 0.1 -0.4 0.2 -0.3 0.5 -0.5 0.2 -0.4 0 -0.2 -0.1 0.2 0.5 0.4 -0.3 -0.4 0.2 0.3 -0.1 0.3 -0 
0.5 0.3 0 0.1 0.3 0 -0 0.5 0.3 -0.5 -0.5 0 0.5 -0.5 0 -0.2 0.5 -0.2 -0.5 -0 0.3 0.4 -0.2 -0.3 0.2 0.3 0.4 -0 -0.3 -0.3 -0 -0.1 -0.1 -0.3 0.4 -0.1 -0.5 -0.4 0 -0.4 -0.2 -0.3 0.3 -0.2 0.5 -0.5 -0.1 -0.5 0.2 0.2 -0.1 -0.2 0.4 -0.4 -0.4 0 0 -0.5 -0.4 -0.1 -0.2 0.1 -0.5 0.1 0.4 0.3 -0.3 -0.1 0.4 0.5 
-0.2 -0.1 0 0.5 0.3 0 0.3 -0.5 0.3 -0.2 -0.3 -0.4 0.3 -0 -0.5 -0 0.2 0.4 0.4 0.5 0 -0 -0.2 -0.4 -0 0.4 -0.2 0.2 -0.3 0 -0.2 -0.3 0.5 -0.5 -0.1 0.5 0.3 -0.1 -0.3 -0 -0.2 0.5 0.2 -0.3 -0.1 -0 -0.2 -0 -0.3 -0.3 0.5 0.4 0.4 0.3 -0.1 -0.2 -0.5 -0.3 -0 0.4 0 -0.1 0 -0.2 -0.2 -0.4 -0.3 0.5 -0.4 0 
0.3 -0.1 0.2 -0.1 -0.1 0.3 -0.3 0.2 -0.4 0.1 0.5 -0.4 0.3 -0.2 0.4 0.2 -0.3 -0.2 0.4 -0.1 0.5 0.3 0.4 -0.2 0.3 -0.5 0.4 -0.1 -0.4 -0.3 0.1 -0.4 -0.3 0.3 -0.5 0.3 -0.2 -0.5 0 -0.5 0 0.4 0.3 -0.4 -0.4 -0.2 0.3 0.5 0 0.5 -0.2 -0.2 0.4 0 0.5 -0.4 0.5 -0.2 0.4 0.4 -0.4 0.3 -0.2 0.3 0.4 0.5 0.1 0 -0.2 0.4 
-0.4 0.5 -0.3 0 0.4 0.3 0.2 0.5 0.4 0.4 0.3 -0.4 0.1 0.4 -0.4 0.1 0.2 0 0.4 0 -0.4 -0.1 0.5 -0.2 -0.1 0.1 0.5 -0.5 -0.3 -0 -0.5 -0 -0 0.3 0.4 -0.3 0.2 -0 -0.4 0.2 -0 -0.4 -0 -0.2 -0.4 -0.3 -0.2 -0 0.5 0.3 -0.5 0.5 0.3 -0.5 -0.5 0.1 -0.3 -0.2 0.4 -0.5 0.4 0.1 0.1 -0.5 0.1 0.3 -0 0.5 0.3 0.3 
0.4 0.5 0.3 0.4 -0.3 -0.5 -0.2 0.3 -0.4 0.2 -0 -0.4 -0.4 -0.1 -0.2 0 0.5 -0 0.3 0.2 0.4 -0.3 0 -0.3 0.5 -0.3 0.1 0.3 -0.5 0 -0 0 -0.4 0 -0.3 0.4 -0.1 -0.5 -0.4 0.5 0.4 -0 -0.3 -0.2 0.5 0 -0.1 0.1 -0.4 -0.2 -0.5 0 0.4 -0 0 -0.4 0.4 0.1 -0.5 -0.4 0.1 0 0.2 -0.3 0.4 0 -0.4 0.1 0.2 -0.5 
0.3 -0.2 -0.4 -0.5 -0.2 -0.4 -0.1 0.2 -0.3 -0.5 -0.5 -0.2 0.2 -0 0.1 -0.2 0.3 0.3 -0.5 0 -0.3 0.2 0.2 0.3 -0.2 -0.2 -0.4 0.3 0 0.2 -0.3 0.3 0 0.5 -0.5 0.4 0.4 -0.5 -0.3 0.2 -0.1 -0.3 0.1 0.4 -0 -0.4 0.1 -0.4 0.4 0.5 -0.4 0.3 0.3 0.5 0.1 0.2 0.3 -0.4 0.3 -0.4 0 0 -0 0.1 0 -0.3 0.5 0.1 0.1 0.4 
0 0.4 -0.3 -0 -0.4 0.3 0.2 -0.3 0.3 -0.2 0 -0.2 -0.4 -0.3 -0.4 -0.1 0.4 -0.4 -0 0 0.4 -0 0.2 0.1 0.1 -0 -0.5 0 -0.4 -0 0 -0.2 0.4 0 -0 0.1 0.4 0.5 0.2 0.2 -0.3 0 0.1 0.3 -0.5 -0.5 -0 -0.4 -0.2 0.2 0.4 -0.1 0.5 0.1 -0.2 -0 -0.4 0 -0.2 -0.2 -0.5 -0.1 -0.2 -0.2 0.5 0.1 -0.2 0.4 -0 -0.3 
0.2 -0.3 0.2 -0.1 0.5 -0.4 0 -0.5 -0.2 0.5 -0 0 0 0.4 0.3 -0.4 0 0.2 0.3 0.3 0.5 -0.4 0.4 0.1 0.2 0.1 0.5 -0.5 -0.4 -0.4 -0 0.3 0.2 0.5 0.2 0 -0.1 -0.5 -0.5 0.1 -0.3 0.1 0.1 0.5 -0.5 -0.5 -0.2 0 0.4 -0.2 0.3 -0 0.4 -0.5 -0 0 -0 -0.5 -0.4 0.3 -0.4 0.3 0 -0.2 -0 -0.3 -0.4 -0.5 0.5 0.1 
-0 -0 0 -0.3 0.1 0 -0.4 -0.5 -0.4 0.2 0.3 -0.5 -0.5 0.5 0.4 0.5 0.1 -0.2 -0.2 -0.4 -0.2 0.1 0.3 0.3 -0.4 -0.1 -0.5 0.4 0 -0.4 0.3 -0 0.4 0.4 0.5 0.1 -0.2 0 -0.5 -0.4 -0.5 -0.3 0.3 -0.4 -0.3 0.1 0.1 -0.1 -0.1 -0.3 0.3 0.4 -0.5 0.2 0.3 0.5 0.3 0.2 0.2 0.3 -0 0.1 -0.1 0 0.3 -0.4 0.4 0.3 -0.4 -0.3 
0.3 0 0.3 -0.4 -0.1 -0.4 0.5 -0.3 0 0.4 -0.3 -0.2 -0.1 -0 0.1 -0.4 0.4 0.1 -0.5 -0.2 -0.5 0.1 0.3 0.3 -0.4 -0.5 0 -0.5 0.2 0 -0.1 0.4 -0.4 -0.4 0.2 0.1 -0.4 0.4 0.4 -0.3 -0 0.5 -0.1 0.1 0.2 -0.3 0.3 -0.3 -0.2 0.1 -0 0.4 -0.2 0.3 -0.1 0 0.1 -0.5 0.1 0.2 0.5 0.2 0.1 -0.5 0.5 -0.1 0.1 -0.1 0 0.3 
-0.2 -0.5 -0.4 0.2 -0.2 0.3 -0.4 -0.1 0.1 -0.2 0 -0.4 -0.2 -0.3 0.1 0 0.5 -0.3 -0 -0.1 0 0.4 0 -0.2 -0.2 0.5 0.1 0 0.5 -0.4 -0.2 0.1 -0 0.1 0 0.2 0.4 0 0 -0.5 0.1 -0.3 -0.5 -0.5 0.4 -0.3 0.4 0.2 0.3 -0.2 -0.5 0.5 -0.5 -0.2 -0 -0.5 0.2 0.3 -0.1 0.4 0.1 -0 -0 0.5 -0.5 -0.4 0 -0 -0.2 0.2 
-0.3 -0.1 0 0.3 -0 -0.3 -0.5 0.3 -0 0.2 0.4 0 0.1 0.3 -0.4 -0 0.4 -0 0.5 -0.4 -0.3 -0.5 0.3 0.5 0.4 -0 0.3 0 0.3 -0.3 -0.4 0.1 -0.3 -0.3 -0.3 -0 0.5 -0.2 0.1 -0 0.4 0.2 -0.3 -0.1 0 0.1 -0 -0.4 0 -0.3 -0.3 -0.5 0.5 -0 0 -0 0.3 -0.1 0 0 0.5 0.3 -0.1 -0.5 -0.5 0.3 0.2 0 -0 0.1 
0.3 0.1 -0.5 0.1 -0.1 0.5 0 -0.1 -0.2 -0.4 -0.5 -0.5 -0 -0.2 0.4 0.2 -0.2 -0.2 -0.2 0.4 -0.2 -0.5 0.4 0.5 -0.5 -0.4 -0.1 0.4 -0.1 -0.3 -0.1 -0.5 -0.5 -0 -0.3 0 -0.5 -0.3 0.3 0.1 -0.2 -0.4 -0.5 0.4 -0.5 -0.4 0.2 -0.3 -0.3 -0.4 0.1 0.2 -0.1 -0.3 -0.4 0.4 0.5 0.3 -0.2 -0.4 0 0.2 0 0 -0.1 0.5 -0.5 -0.2 0.3 -0.1 
-0.1 -0.1 0.5 0.3 0.3 -0 -0.4 0.1 0 -0.1 0.2 0.3 -0 -0.3 -0 -0 -0 -0.3 0.5 -0.4 0 0.3 0 0.2 -0.4 -0.5 0.4 0.5 0.3 0.3 -0.3 -0 0.4 -0.4 -0.2 0.3 -0.2 0.3 0 0.1 0.3 0.2 -0 -0.1 -0 0.2 -0.1 0.3 -0.4 -0 0.1 -0.5 -0.3 -0.2 0.3 -0.4 0 -0.4 0.4 -0 0.4 0 -0.3 -0.3 -0.1 -0.5 0.1 -0.2 0.2 0 
-0.3 -0.1 -0.4 -0.2 0.3 0.5 -0.2 -0.2 -0.4 -0 -0.5 0.4 0.3 0.2 -0.2 -0 -0 -0.1 0.5 -0.2 0.3 -0.1 -0.2 -0.1 -0.1 -0.2 0.3 0.4 0.2 0.1 0.1 -0 -0.1 -0.1 0.2 0 -0.1 -0 0.2 -0.1 -0.1 -0.5 0.4 -0.1 0 0.3 -0.2 -0.1 -0.4 0.3 0.2 -0.1 0 -0 0.5 -0.2 0 -0.2 0.5 -0.5 -0.4 0.4 0.1 -0.5 -0.4 0.1 0.1 0.4 -0.5 0.5 
0.3 -0.2 0.5 -0 0 -0.1 0.1 -0 0.3 -0.5 -0.3 0.1 0 0.3 0.2 -0.2 0.2 -0 -0.2 0.1 0 0.3 -0.2 -0.4 -0.3 -0.4 0.2 -0.1 0.3 0 0.3 -0.2 0 0.3 0.4 -0.2 0.5 -0.4 -0.5 0.2 0.3 0.4 -0.2 -0.4 -0 0.1 -0.3 -0.5 -0.1 -0.3 0.4 0 -0.1 0.5 0.4 -0.4 0 -0.3 0.4 -0.5 0 -0.4 -0 -0.3 0.2 0.2 0.4 0 0.1 -0.4 
-0.4 -0.3 0.4 -0.2 0.2 0.5 0.5 -0.4 -0.4 -0.1 -0.5 -0.5 0 -0.4 -0 0.2 -0.3 0.5 -0.3 0.2 -0 -0 -0.4 0 0.3 0.1 0.3 -0 -0.2 0 -0.1 -0 0.5 -0.2 0.3 0.3 -0.3 -0 -0.5 -0.5 0.5 -0.3 0 -0.4 0.2 0.1 -0.3 -0.5 0.3 -0.4 0.3 0.2 0.1 0.1 -0.5 -0.5 0 0.5 0.4 -0.4 0.3 0.1 -0.5 0.3 0 0.1 -0.2 -0 -0.3 -0.2 
-0 0.5 0.2 0.2 0.5 -0.4 -0.5 -0.2 0.4 -0.3 0.5 0.3 -0.3 -0.1 0.1 -0.1 -0.3 -0.4 0.3 0.4 -0.1 -0.4 0.4 0.3 0.1 0.2 -0.2 0.4 -0.3 -0.3 0.1 -0.4 0.2 0 -0 -0.4 0.4 0 0.4 -0.5 0.5 -0.5 -0.3 -0.2 -0.1 0.5 0.5 -0.2 -0.1 -0.2 0 -0.2 0.1 0.2 0.2 -0 -0.1 -0.5 0.4 -0.5 -0.3 -0.1 0.2 0.1 0.5 0.4 -0.3 0.5 0 -0.2 
0.1 0.2 0.3 -0.4 0 0.1 0.3 -0 -0.5 0.1 0.2 -0.1 -0.5 0.1 0.5 0 0.2 0 0.1 -0.2 0.3 -0.4 0.4 0.5 -0.2 -0.5 0.4 0.1 0.4 -0 0.3 0.2 -0.1 -0.5 0.4 -0.2 -0.3 0.5 -0.3 0.1 -0.1 0.2 0.5 -0 -0.4 0.5 -0 0.3 -0.3 0.2 -0.2 0.4 -0.1 -0.2 0.3 -0.5 -0 -0.3 -0.3 -0 -0.1 0.5 -0 0.1 -0.2 -0.2 0.1 0.1 0.1 0.2 
0.3 0.1 -0.5 0 0.3 -0.2 0.3 -0.4 -0.1 -0 -0.4 0 -0 -0.4 -0.1 0.3 -0.4 -0 0.5 -0.4 -0.4 0.1 -0.3 -0.4 0 0.4 0.2 0 0.3 0.5 -0 0 -0.3 0.5 -0.1 -0.4 -0.4 -0.4 -0.1 0.2 -0.2 0.4 0.2 0.2 -0 -0.4 0 0.1 -0.1 0.4 0 0 0.4 0.3 -0.3 -0 -0.1 0 -0 0.5 0 -0.3 0 0.5 -0.1 0.5 -0.2 -0.3 0 0.5 
-0.4 0 -0.2 0.5 -0.1 0.5 -0.5 0.5 -0.3 0 0.4 0.3 -0.3 0.1 -0.2 -0.4 0.3 -0.2 -0.3 -0.4 0.5 0.1 0.4 0.4 -0.3 0.1 -0.4 0 0 0.1 -0.5 0.1 0.1 -0.5 0.4 0.5 -0 0.4 0.5 0.4 0 -0.5 -0.2 0.1 0 0.3 -0.4 -0.5 -0 0 -0 -0 0.3 0.3 0.2 -0.4 -0.4 0.4 0 -0.5 0.3 0.3 0.5 0.5 0.2 -0.3 -0.2 -0.5 0.4 0.4 
0.1 -0.1 0.3 -0.2 -0 -0.1 0.2 0.4 -0.2 -0.5 0.1 0.3 -0.2 -0.5 0.3 0 -0.3 0.1 0.1 -0.3 0.3 0.4 -0.4 0.2 0.5 0 0 0 0.3 -0.2 0.1 -0.5 0.5 0.2 0.4 -0.2 -0.5 0.2 -0 0.1 0.4 0.2 -0 0.5 -0 0.5 -0.1 -0.2 0.3 0.4 -0.2 -0.4 -0.3 0.3 0.3 0 -0.2 0.4 0.1 0.1 -0.4 -0.4 -0.2 0.3 -0.3 -0.3 -0 -0.2 0 -0 
-0 0.4 0.4 -0.1 -0.5 0.2 -0.5 -0.2 -0.3 -0.5 0.4 0.1 -0.1 0.1 -0.5 -0.2 -0.3 -0 -0 -0.5 -0.1 -0 -0.4 0 0.3 -0.2 -0.5 0.4 -0.4 -0.4 -0.2 -0.3 -0.4 -0.1 0.2 0.1 -0.1 -0.2 0.5 -0.4 0 0.5 0.2 0.1 0.5 -0.2 0.4 -0.1 0 0.4 0.4 -0.3 0.2 0.4 -0.5 0.3 -0 -0.1 -0.5 0.5 0 -0 0 0.3 0 -0.4 -0.3 0.1 -0.4 -0.3 
-0.3 0 -0.1 0.2 0 0.3 0.3 -0.5 0.1 0.4 0.1 -0.5 0.1 0.2 -0.1 -0 0.3 0.3 -0 0.3 -0 0.3 -0 0.3 -0.2 0.1 0.3 0 0.2 0.1 -0.3 -0.5 -0.1 -0.2 0.1 -0.5 -0.2 0.2 0.3 0.1 -0 -0.1 -0.5 0.5 0 0.3 0.1 -0.3 0.4 -0 -0 -0 0.2 0 -0 0 0.3 0.1 0.2 0.2 0.4 0.4 -0.1 -0.4 -0.2 0.2 -0 0.1 0 0.5 
-0.2 -0.5 -0.5 -0.3 -0.1 0 0.4 0.3 -0.4 -0 0.2 0.1 0 -0 0.3 -0.5 -0 -0.2 0 -0.3 -0.3 -0.1 -0 -0.2 0.2 0 0.2 0.2 0.1 0.1 0.5 0.3 0.1 -0.4 -0.2 -0.1 0.3 0.5 -0.3 0.3 0.4 -0 -0.1 -0.5 0.5 0.4 -0.1 -0.3 0.2 -0.2 -0 -0.3 -0.3 0.2 -0.2 -0.3 -0.5 -0.4 0 -0.5 0.4 -0.1 -0.1 0.5 -0.5 -0.4 -0.2 -0.5 0 -0.3 
0.3 0.1 0.3 -0.2 0.5 -0 -0.1 -0.2 0.3 -0.1 0.1 0.3 -0.1 0.5 -0 0.4 -0.2 -0.3 0.1 -0 0.5 0.1 0.3 -0.4 0 -0 -0.5 -0.1 -0.2 0.2 0.3 0.3 -0.2 0.1 -0.1 -0.1 0.3 0.4 0.1 0.2 -0.4 0.5 -0.2 0.2 0 -0.4 -0.1 -0.5 -0.5 0.4 0.4 -0.5 -0.3 -0.2 0.2 0.2 0.5 -0.5 -0.1 0.3 -0.5 -0.5 0 0.2 -0 0.3 0 0 -0.2 0.4 
0 0.4 -0.5 -0.4 0.3 -0.1 0.4 0.1 0.2 -0.5 -0.5 -0.3 -0.1 -0.1 -0.3 -0.1 0.3 -0.1 0.1 0.2 0.5 -0.3 0.2 0.4 0.5 0.3 0.5 -0.2 0.2 -0 0 -0.2 -0.3 -0.5 0.1 -0.4 -0.4 -0.1 0.5 -0.3 0.1 0.1 0.5 -0.3 0.4 -0.4 0 0.3 -0.1 0.5 -0.3 0 -0.3 -0.4 -0.2 -0.5 0.5 0 -0.1 -0.3 -0.2 -0.1 -0.5 0.4 0 0.1 -0.4 -0.1 -0.2 -0 
-0.4 0.5 -0.2 -0.4 0.5 -0.5 -0.4 -0.4 -0.3 -0.4 0.3 -0.1 -0.1 0.4 -0.5 -0 -0.1 -0.3 -0.1 -0.1 0.5 -0.5 -0.4 0.5 -0.3 -0.1 0.4 -0.1 -0.1 -0.1 -0 -0 -0.1 -0.1 0.1 0.4 0.1 -0.5 -0.5 0.5 0.3 0.2 0.5 -0.3 -0.1 0 -0.2 0.5 -0.2 0.1 -0 -0.5 0.4 0.5 0.5 0.2 0.1 -0 0.2 0.5 -0 -0.1 0.4 0.1 0.4 0.1 0.3 0.4 0.4 0.4 
-0.4 0.2 -0.3 0.2 0.4 -0.5 -0.5 0.3 -0 -0.1 0.3 0.1 -0.2 -0.5 0.3 -0 0.1 0.3 -0.4 -0.1 -0.3 0 0.5 -0.1 -0 0 0 -0.3 0 0 0.3 0.2 0 -0.3 -0.1 0 0.3 0.4 0.1 -0.3 0.5 -0.4 -0 -0.5 -0.5 -0.3 0.2 -0 0.2 0.3 -0 -0.5 -0.1 -0.1 -0.4 -0.3 -0 -0 -0.4 -0.2 -0.5 -0.1 -0.4 -0.5 0.3 -0.2 0 -0.3 0.1 -0.1 
-0.4 0.1 0.1 -0.3 -0.3 -0.4 0.2 -0.5 0.2 0.3 0.1 -0.2 0.2 -0.4 -0.2 -0.1 0.5 0.1 0.1 0.1 0.4 -0.2 0.4 -0.3 0.4 0.4 -0.5 0.3 -0.2 -0.3 0.2 0.1 -0.4 0.5 -0 0 0.1 0.1 -0.2 0.4 0.4 0.3 -0.3 -0 -0.4 -0.5 -0.5 0 -0 0.5 -0.4 -0.1 0.5 0.3 -0.4 -0.1 0 -0.1 -0.2 0 0.1 -0.5 -0.4 0 0.4 -0.3 0.2 -0 0.5 0.3 
0.1 -0.2 -0 0.2 0.2 0 -0.4 0 0.4 -0 0.2 0.2 -0.1 -0.1 0.3 0 0.1 -0.4 -0.3 0.1 -0.5 0.4 -0 -0.3 0.2 -0.4 0.3 0.3 0.1 0.3 0.5 -0.1 0.4 -0.4 -0.1 -0.4 0.5 -0.5 -0.4 0.5 0.4 -0.2 -0.2 0.4 -0.4 -0 -0 -0.2 -0.4 0.4 -0.3 -0.2 -0.2 -0.4 0.4 0.2 0.3 0.1 -0.4 -0.5 -0.2 -0.4 -0.2 0.2 0.2 0.3 0.5 -0.5 -0.1 -0.1 
-0.1 -0.3 -0.4 0 0.2 -0.1 0 0.1 0.2 -0 -0.4 0.1 -0.5 0.1 0.5 0.1 -0.4 0.4 0.1 0 -0.2 0.5 0 -0.1 0 -0.5 0.5 0 -0.4 -0.1 0.1 -0.1 -0.5 -0.1 0.1 0.1 -0.2 -0 0 -0.4 0 0.5 0.2 -0.3 -0.2 0.1 -0.5 0.5 -0.5 0.3 0 -0 0.4 0.4 0.5 -0.2 -0.3 -0.1 -0.2 0.4 0.1 -0.4 0.1 -0.3 0.5 -0.3 0.4 -0.2 0.1 -0.2 
0 0.1 -0 -0 0.5 -0.3 0.2 -0.1 0 0 -0.3 -0.5 -0.4 0.5 -0.5 -0.1 -0 -0.4 0.4 0.4 -0.5 -0.4 0 -0.2 0.1 0 -0.4 -0.2 0.3 0.2 0.5 -0.3 -0.4 -0.3 0.4 0.4 -0.5 0.3 0.3 -0.4 0 0.5 0.4 0.2 -0.4 0.2 -0 -0.5 0.5 0.1 -0.2 -0.2 0.3 0 0.1 0.2 -0.3 0.1 -0.4 0 0.4 0.5 0.4 0.5 -0.1 0 -0.3 0.1 0.2 -0.4 
0 0.3 -0.4 -0.2 0.5 0.4 -0.1 0 -0.2 -0.2 -0.1 0.1 0 0 -0 0.5 0 0.3 -0.3 -0.1 0.1 0.2 0.2 0.3 0.3 -0.4 0.3 -0.4 0.5 0.5 -0 0.5 0.2 0.1 0.1 -0.2 -0.1 0.3 -0.4 -0.1 -0.2 -0.1 0 -0.2 0.3 -0.3 -0.1 -0.2 -0.1 -0.3 -0.4 0.4 -0.2 -0.2 -0 0.2 -0.3 0.5 0.1 -0.4 -0.4 -0.4 -0.2 0.2 0 0.3 0.4 -0.2 0.2 0.1 
-0.2 0.2 0 -0.4 -0 0.2 0.5 -0.3 0.5 -0.2 -0.3 -0.2 -0 0.2 0.4 -0.5 -0.5 -0.5 -0.4 -0.3 0.1 -0.2 0 -0 0.5 0.3 0.5 -0 -0.1 0.2 0.5 -0.5 -0.5 0 -0.5 -0.4 0.3 0.4 -0 -0.5 -0.3 -0.5 -0 -0.4 0.5 0.4 -0 -0 -0.3 0 0.4 0.4 -0.3 0 -0.1 0.4 -0.1 -0.4 -0.5 0.5 0.1 -0.1 -0.2 -0.2 -0 0.3 0.3 -0.1 0 -0.1 
-0.1 -0.4 0 0.2 -0.1 -0.2 0.3 -0.5 -0.5 -0.1 -0.1 0.5 0.2 0.2 0.5 -0.5 -0 0.1 -0.2 -0.2 -0.3 0.3 0.2 0.1 -0.1 0.4 -0.3 -0.3 -0.1 0.1 0.1 0.1 0.2 -0.5 -0.2 -0 -0.2 0.1 0.2 -0.3 0.5 -0.3 0.2 0.3 -0 0.3 0.3 -0 -0.2 -0 0.4 -0 0.1 -0.2 -0 -0.5 0 0 0.3 0.3 -0.4 -0.1 -0.2 -0.3 0 -0 -0.4 0.3 -0 0.1 
0.3 0.2 0.1 -0.4 0.1 0.1 -0.1 -0.3 -0.2 0.5 -0.5 -0.4 0.4 -0.1 0.3 0.4 -0.3 -0.3 0 -0.4 -0.5 -0.4 0 -0.5 -0.5 0.2 -0.2 0.5 0.3 0.2 -0.3 0.4 0.5 -0.2 -0.4 0.4 0.1 -0.2 0 0.1 0.4 -0.1 0.5 0.4 0 0.3 -0.5 -0.1 0 -0 -0.5 0.3 -0.3 -0.1 0.3 0.2 0.3 -0.4 0.3 -0 -0.1 0.5 0.5 0.1 0.2 -0.3 -0.3 0.2 -0.1 -0.3 
-0.3 -0.1 0.4 -0 -0 -0.4 0.3 -0.4 0.2 -0.4 0.4 -0.3 0.5 0.5 -0.1 0.2 -0.5 -0.3 -0 0.2 -0.1 0.1 0 -0.2 0.3 -0.2 -0.2 -0.3 0.3 0.1 -0.2 -0 -0.2 -0.2 0.5 0.1 0.1 0.2 -0.4 -0.1 -0 -0.2 0 0.2 0.4 -0.5 -0.2 -0 0 -0.5 0.1 0.4 0.3 -0.1 -0 0.4 0.1 0 0.2 -0.2 -0.4 -0 -0.4 0.3 0.5 0.2 -0.3 -0.1 0.2 -0.5 
0.1 -0 -0.5 0.3 0.1 -0.1 0.2 -0.5 0.5 0.2 -0.1 -0.2 0.4 -0.2 0.4 -0.4 0 0.5 -0 0.3 0.3 0.4 -0.3 -0.3 -0.1 -0.4 0.2 0.4 0.1 0.2 0.5 0.2 -0.2 -0.1 -0.5 0.1 0.5 -0.5 0.4 0.3 -0.3 -0.4 0.5 0.2 -0.1 -0.5 0.3 -0 0.4 -0.5 -0.1 0.3 0.1 0.1 -0 0 -0.2 0.5 -0.3 0.2 0.3 -0.4 0.4 0.2 0.3 -0.3 -0.5 0.1 0.4 0.3 
0.3 0 -0.4 -0.4 -0.3 -0.5 0.4 0.3 -0 -0.1 0.1 -0.5 0.3 0.5 0.1 0.4 0.2 0.5 -0.4 -0.4 -0 0.4 -0 -0.4 0.4 -0 -0.2 -0.2 0.4 -0.4 -0.1 0.5 0.1 0.1 -0.5 -0.2 0.1 0.3 -0.3 -0 0.4 0.3 -0.2 -0.1 0.4 -0.1 0.3 0 0.2 -0.1 -0.4 0.3 0.2 0.5 0.3 -0 0.2 -0.3 0.1 0.2 -0.3 -0.1 0.1 -0.3 -0.4 0 -0 0.1 -0.4 0.1 
0.4 -0 0.2 -0.2 -0.1 0.1 0.1 0 0.4 -0.3 0 -0.3 0.1 0.1 0.1 0 -0.1 0.1 0.1 -0.5 0.5 0.4 0.5 0 -0 -0.3 0 -0.4 0.1 0 0.4 0.3 0.4 0 -0.1 -0.5 0.2 -0.4 -0.3 0.4 -0.1 -0.1 0.4 0.2 0 0.4 0 0 0 0.1 0.4 0.4 0.5 -0.5 0.3 -0.2 -0 -0.5 -0.5 -0.1 -0.1 -0.2 -0.1 0.3 0.1 0 -0 0.3 -0.3 0.3 
-0.3 -0.2 -0.1 -0.4 0 -0.2 -0.3 0.4 0.4 -0.2 -0.5 0.4 -0.3 -0 0.1 -0.1 0.5 -0.4 0.2 0.2 0 0.5 -0 -0.5 -0 0.4 -0 -0.2 -0 0 0.2 -0.2 -0.3 0.5 -0.5 -0.4 -0.4 -0 0.1 -0.5 -0.3 0.5 0.3 -0.5 -0.2 -0.1 0.3 0.3 0 0.1 -0.5 -0.2 -0.3 0.4 0 -0.5 -0.5 0.5 0.4 -0.4 0.4 -0 -0.1 -0.5 0.1 -0.5 0.2 0.2 -0 0.3 
0.5 -0 -0.3 -0.3 -0 -0.3 -0.1 -0.4 0.4 0 -0.1 0.4 -0.4 0.1 0 0.1 -0.3 -0 -0.4 0.4 -0.3 0.2 0.5 0.3 0 -0.5 -0.1 -0.3 -0.5 0.2 -0 -0.1 0.2 -0.1 0.3 -0.1 -0.1 -0.1 -0 0.5 0 0 -0 -0.5 -0.5 -0.3 -0.2 0.5 0.3 0.2 -0.4 0.4 -0.5 -0.2 -0.2 -0.4 0.4 0.1 0.5 0.1 0.3 0.1 -0.4 -0.1 0.3 0.5 -0.4 -0.5 -0 -0.5 
0.1 -0 -0.3 0.1 0.4 0.2 0.3 -0.5 -0 -0.5 0.5 0.5 -0.3 0.4 0.2 -0.2 -0.2 -0.4 -0.3 -0.3 -0.3 -0.1 0.1 -0 -0.2 -0.3 -0.2 -0.2 -0.3 0.1 -0 0.4 0.5 0.4 0.3 -0.5 -0.3 -0.1 0.2 -0.3 0.5 -0.3 -0 -0.4 -0.1 0.5 -0 -0 -0.2 0.3 -0.1 0 0.5 0 -0.5 0.3 0.5 0.3 -0.3 0 -0 -0.2 0.5 0.3 -0.2 0 0 -0.4 0.3 -0.1 
0.3 -0.5 0.3 0.5 -0.2 -0.4 0.1 0.2 0.5 -0.5 -0.3 -0.5 0.2 0.4 -0.5 -0.4 0.2 -0.2 0.1 -0.5 0.4 -0.4 -0.5 -0.3 0.2 0.2 0 -0.4 0.1 0.4 0.5 0.4 0.1 0 0.3 -0.4 0.4 -0.3 -0 -0.4 0.1 0.2 -0.3 0 -0.4 0.3 0 0.2 -0.4 0.1 0.3 0 -0.3 -0 -0.4 0.3 0.2 0.3 0.2 -0.3 -0.1 0.1 -0.2 -0 -0.1 0.5 0.2 -0.1 -0.2 -0.2 
-0 -0.3 0.1 0.4 0.4 -0.3 -0.4 0.1 0.5 -0.5 0.5 0.2 -0.3 -0 0.2 0.3 0.4 0.1 -0.2 -0.1 0.5 0.4 -0 -0.3 -0.4 -0.3 0.5 -0.3 -0 0.5 -0.2 0.1 0 0.4 0.2 -0.5 -0.2 -0.2 0 -0.2 0.4 -0.4 0.1 0.5 -0.2 0 0.4 0.1 0.4 -0.2 0 -0.3 0 -0.3 0.1 -0.1 -0.2 -0.1 -0.3 0.1 -0 -0 0.3 -0.4 0.2 -0.4 0.2 0.1 -0.3 0.1 
0.3 0.2 -0.4 -0.5 -0.4 0.3 0.5 -0.5 -0 -0.1 0 -0 -0.5 -0.4 -0.5 -0.5 0 -0.4 0.1 -0.3 -0.5 0.1 0.1 0.3 -0.2 0.1 0.2 0.3 -0.3 -0.2 -0.5 0.1 -0.1 -0.5 0.2 0.5 -0.5 -0.2 0.3 -0 -0.4 -0.2 0.5 -0.5 -0.5 0.2 0.2 -0.5 -0.5 0.2 -0.2 -0.1 -0.4 -0 0 0.3 0.1 -0 -0.3 0.2 0 0.2 0.3 -0.1 0.1 -0.2 -0.3 -0.5 -0.4 -0.1 
0.1 -0.1 0 -0.1 -0.5 -0.1 -0.3 -0.3 -0 -0.5 -0 -0.5 -0.2 0.3 0.5 0.3 0.5 0 0.1 0.1 -0.1 -0.2 -0.2 0.2 -0.3 -0.2 -0.1 -0.1 -0.1 0.2 0 -0.4 0.5 -0.2 0.5 -0.5 0.2 0.3 -0 -0.4 -0.5 0 0 -0.1 -0.1 -0 0.4 0 -0.5 0.2 0.1 -0.1 0.5 0.1 -0 -0 -0.3 -0.3 -0.4 0.1 0.4 -0 0.1 0.4 -0.4 0.1 -0.3 0.1 -0.3 0.4 
-0.5 -0 -0.4 -0.2 0.3 -0 -0.2 0.2 0.4 0.1 0.2 0 -0.1 -0.4 0.2 -0.5 -0.2 -0 0.4 -0.4 -0.4 -0.5 -0.3 -0.1 0.5 0 -0.4 0.4 -0 -0.5 0.4 0.1 0.1 0.2 -0.3 0.3 -0.1 0 -0.1 -0.1 0.3 -0.3 0.4 -0.5 0.2 -0.4 0.5 -0.4 -0.3 0.2 0.3 -0 0.1 0.1 0.4 0 -0.2 -0.3 0.3 -0.2 -0.4 0.2 -0.5 0 -0.1 -0.5 0 -0 0.4 0.2 
0.2 -0.3 0.4 -0 -0.4 0.1 0.2 -0.1 0.5 0.3 0.3 0.2 -0 -0.3 0.3 0.4 -0.1 -0.4 -0.4 0.3 0.3 0.2 -0.3 0.1 0.4 0.5 -0.5 -0.4 -0.2 0.1 -0 -0.5 -0.4 -0.4 -0.1 -0.3 0.1 0.2 0.2 -0.3 0 0.1 -0.1 -0.4 0.5 -0.3 -0.2 0.4 0.5 -0.5 -0 -0.1 0.1 -0.2 -0.1 -0.3 -0.5 0 -0.5 0.1 -0.1 0.2 -0.5 -0.5 0.2 -0.3 0.4 -0 -0.2 -0.4 
-0.4 -0.4 0.1 0.1 0.2 0.5 -0.2 0.2 -0.3 0.4 -0.3 -0.3 -0.4 0.2 -0.3 0 -0.5 -0.1 0.1 0.4 0.4 0.3 -0.4 0 -0.4 0.2 -0.4 -0.4 0.1 0.5 0.2 0.2 -0.1 -0.5 0.2 -0.2 0.5 0.3 -0.2 0.4 0 0.5 0.4 -0.3 -0.5 0 -0 0 -0.1 -0.2 -0.4 0 0.2 -0.3 0.5 0.2 0 -0 0 -0.4 -0.2 0.4 0.4 0.2 -0.5 0.5 0.4 -0 -0 -0.1 
0.3 0.2 0.1 0.2 0.2 0.5 0.2 0.4 0.4 0.2 0.4 -0 -0.4 0 0.1 -0 -0.1 0.3 -0.1 -0.3 -0.4 0.5 0.4 -0.5 -0.4 -0.5 0.4 -0.3 0.5 -0.2 0.5 -0.1 0.3 0.1 0 0.5 0.1 0.4 -0.4 -0 0 -0.4 0.4 0.2 -0.1 -0 0.2 -0.5 -0.2 0.2 0.5 -0.4 0.4 0.1 0.2 0.4 0.5 0.3 0 -0.3 0.4 -0.4 0.1 -0.2 -0.2 0.1 -0.1 -0.1 -0.5 0.5 
-0.2 -0.2 0.2 -0.4 0.2 -0 -0.3 -0.3 0.4 -0.5 0.5 0.1 -0.3 0.4 0.5 0.4 -0.5 0.3 -0.1 -0.2 -0.1 0.2 0.3 0 0.1 -0.4 -0.3 0.4 0.2 0 -0.4 0.1 0 0.3 -0.2 -0.3 -0 -0.3 -0.3 -0.1 -0.2 0.2 -0 0.1 0 -0 -0.4 -0.1 0.1 0.4 -0.2 -0.2 0.4 -0.1 0.2 -0.1 0.1 -0.5 -0.1 0.5 -0 -0.4 0.4 -0 0 0.1 0.1 0.2 0.3 -0.2 
0.4 -0 -0.2 0.2 -0.2 0 0.5 -0.4 0 -0 0.5 -0.2 -0.3 0.5 -0.2 -0.1 0 -0.2 0.3 0.1 0.4 -0 0.4 -0.4 -0.2 0.5 -0.1 0.4 -0 -0 0.4 -0.1 0 -0.2 0.5 -0.2 0.3 0 -0.5 0.4 -0.4 0.5 -0 -0.2 0.5 0.1 -0.1 0.4 0.1 0.4 0.2 0.2 -0 0.2 0.2 -0.5 0.1 0 -0.4 0.5 -0.1 0.4 0.2 0.4 -0.1 0.2 -0 0.4 -0.5 0.5 
-0.3 0 0.5 0.5 -0.4 -0 -0.1 0 0.5 0.1 0.3 -0.5 -0.4 -0.2 -0.3 -0 -0.4 0.5 -0.2 -0 -0.2 0.4 -0 0.5 -0.5 -0.5 0 0.5 0.1 0.3 -0.1 0 -0 -0.2 -0.2 0 0.2 0.4 -0.5 -0.4 0 0 -0.4 -0.1 0.1 -0.5 -0.5 -0 -0 -0.4 -0.1 0.1 0.3 -0.3 0.1 -0.4 -0.1 0.4 0.3 0 -0.3 -0.2 0 0.1 0.3 0.5 -0 -0.5 -0 0.3 
-0.1 -0.5 -0.3 -0.3 -0.1 -0 0.4 0.2 0 0.2 0.2 0.1 0.1 0.4 -0 -0.5 -0.1 0.4 0.3 -0.3 -0 -0.5 0.1 0 0.4 -0.4 0.1 -0.4 0.1 0.5 -0 0.2 -0.2 -0.3 0.4 -0.1 -0 0.5 0 0 0.3 0.4 0.1 -0.4 0.1 -0.1 -0.4 -0 0 0.4 -0.3 -0 -0.4 -0.1 0.1 -0.3 0.3 -0 0.2 0.2 0.4 -0.1 0.5 0 -0.4 -0 -0.4 0 0.2 0.3 
-0.1 0 -0.1 0.1 0.1 0.4 -0.5 -0.3 0.3 -0 -0.2 0.4 -0.5 -0.5 -0.5 0.2 0 0.5 0.1 -0.2 0.3 0.3 0.1 0.5 -0.1 -0.4 0.3 -0.1 0 0.5 -0.5 0.5 -0.2 -0.5 -0.2 -0.5 -0.3 0.3 -0 0 0.5 0.2 -0.5 -0.1 -0.3 -0.2 0.3 0 -0.3 -0.3 -0.3 0.4 0.3 -0.1 -0.2 -0.1 -0.4 -0 -0.2 0.1 0.1 -0 0.1 0.5 0.2 0.5 -0.3 -0.5 0.3 -0.5 
-0 -0.2 0 -0.4 -0.3 -0.1 0.4 -0 0.4 -0.2 0.4 0.5 -0.1 0.5 0.3 0.1 0.5 0.4 0.5 0.1 0.3 0.4 0.5 0 -0.1 0.5 -0 0.4 0.1 -0 0.2 0.4 -0.4 -0.5 -0.1 0.3 -0.4 -0.5 0.3 -0.1 0.1 -0 0.3 0.2 0.4 0.1 0 -0.5 0 -0.3 0.3 0.5 0.3 0 0.3 -0.1 0 -0.2 0.1 0.4 -0.3 -0.1 -0.3 -0.4 -0.4 -0.3 -0.4 0.3 -0.4 -0.4 
-0.3 -0.2 -0.2 0.3 -0.5 0.5 0.5 0.3 0.5 -0.2 -0.5 -0.3 -0.4 0 0.2 0 -0.5 0.4 -0.2 0.5 -0 0.3 -0.4 -0.4 0.4 0.5 -0.1 0.2 -0.1 -0 -0.3 0.4 -0.4 0.4 0 -0.2 0.5 -0.4 0.2 0 -0 -0.2 -0.4 -0.5 -0.4 -0.4 -0.1 0.4 -0 -0.3 -0.4 -0.5 0.1 -0 -0.3 0.2 -0.5 -0.1 -0 0 0.1 0.5 0.2 0.3 -0.5 0.2 -0.2 -0.3 -0.1 -0.2 
0.3 -0.4 -0 -0 0.1 -0 0.5 -0 0.3 -0.1 0.5 -0 -0 -0.4 -0.3 -0.4 0.4 0.1 0.3 0.2 0.3 0.4 0.1 0.2 -0.5 -0.3 0.4 -0 -0.3 0.4 0.3 0.2 -0 0.3 -0.2 -0.5 -0.1 -0.1 -0.1 0 0.5 -0.5 0.5 -0.1 0.1 -0 -0.4 0.2 0.4 0 0.5 -0.3 -0.3 -0.2 0.5 0.1 0.1 0 0.3 -0 0.5 0.5 -0.5 0.5 -0 -0 -0.5 -0.2 0 0.2 
-0.2 -0.2 0.1 0.2 0.2 -0.5 -0.3 0 0.2 -0.2 0.5 0.2 0.3 0.2 0.5 0.5 -0.2 -0.3 -0.2 0.2 0.5 -0.3 0.1 -0.3 0 -0 -0.5 0.5 0.5 -0.2 0 0.3 0.1 -0.5 -0.1 -0.1 0 0 0.3 -0.2 0 0.1 -0.3 -0.4 0.2 0.4 0 -0 0.2 0.3 -0.5 -0.5 0.5 0 -0.5 0.1 0 0.1 -0.1 -0.1 0.2 -0.4 0.5 -0.2 -0.1 0.1 0.1 0.4 0.2 0.1 
0.4 0.4 -0.1 -0.2 0.1 0.4 -0.1 -0.3 0.4 0.4 -0.2 -0.3 -0.1 0.1 0.4 -0.2 -0.5 0.2 0.5 0.1 0.2 -0.5 0 -0 0.1 0.5 -0.1 -0.2 -0.3 -0.3 -0.2 -0 0.1 0.4 0.5 -0.3 -0.5 0.1 -0.3 0.2 0.4 -0.3 0.2 -0.5 -0.1 0.1 -0.3 -0.5 0 0 -0.3 -0.4 0.4 0.4 -0 0.4 0.5 -0 0.5 -0.1 0.3 0.3 0.2 -0.2 0.1 -0.5 0.4 -0.3 0.1 -0.4 
-0.5 0 0.1 0.2 0.2 0.4 -0.2 0.4 0.3 0.4 0.1 -0 0.5 -0 0.2 0.4 -0.4 0.2 0 0.4 0.4 -0 -0.1 0.3 0.2 0 0.1 0 0.4 0.3 0.3 -0 -0.1 0.3 -0.4 0.2 -0.5 0 0.2 -0 0.1 0 -0 0.1 0.5 0.5 0.1 -0.5 0.3 -0.2 -0.3 0 0.2 0.4 0.4 0 -0.2 -0 0.3 0.1 0 0.2 0.5 0.2 0.3 0.1 0.2 0 0.2 0.2 
0 -0.2 0 0.2 -0.4 -0.4 -0.3 0.5 0 -0.2 -0.2 0.1 0.4 -0.1 0.3 -0.3 -0.2 -0.1 0.1 0.4 0.3 0.3 -0 0.5 -0.1 0.4 -0.4 0.4 0.5 -0 -0.4 -0 -0.4 0.1 0.4 -0.4 -0.1 -0.4 0.3 0.1 0.4 -0.4 0.3 0.2 -0.5 0 -0.2 0.2 0.2 0.4 0.1 0.4 -0.3 0.3 0.4 0.1 0.1 -0 -0.5 0.4 0.1 0.3 -0.4 0.3 -0 0.3 -0.2 -0.4 0.2 -0.4 
0.1 -0.5 -0.2 -0.4 -0.4 0.1 -0.4 -0.2 0.1 -0.5 -0.3 -0.2 0.2 -0 0.4 0.3 0 0.1 0.5 -0.2 -0.5 -0 -0 0.5 -0.4 -0.2 -0.4 -0.1 0.2 -0.1 0.2 0.2 0.4 -0.2 -0.4 0.3 -0 -0.2 0.4 0 0.5 0.3 -0.3 -0.5 -0.2 0.4 0.4 0.2 0 -0.2 0.1 -0 -0 0 0 0.4 -0.4 0 0.3 0.1 -0 -0 -0.2 0.1 0.3 -0 -0.4 0.2 -0.5 0.1 
-0.4 0.3 -0 -0.3 -0.5 0.4 0 0.1 0.3 0.4 0.2 0.5 0.1 0.3 0.4 -0.1 -0.1 0.2 -0.4 -0 -0.1 0.1 -0.1 0.3 0.1 -0 -0.2 0.3 -0 -0.3 0.2 0.3 -0.5 -0.2 -0.4 0.2 0.4 0.5 -0.2 -0.3 -0 0 0.2 0.5 0.1 0.2 -0.3 0.2 0.5 0.5 0.2 -0.2 0.3 -0 0 -0.1 -0.3 0.5 -0.2 -0.5 -0.5 0 0.2 0.4 -0.4 -0.3 0.3 -0.4 0.3 0.4 
-0.4 0.2 -0.4 0.5 0.1 0.5 0.4 -0.3 0.5 -0.4 -0.3 -0.1 0.3 -0.4 0 -0.1 0.1 0.5 -0 0.3 -0.1 0.1 -0.3 0.4 0.4 0.5 -0.5 0.3 0.1 -0 -0.2 0.3 -0.4 -0 0.5 -0.1 0.1 0.2 0.5 0.4 -0.4 -0 -0.5 -0 -0.2 0 -0 0 0.5 -0 0 -0.5 0.2 -0.2 -0.5 -0.2 -0.2 0 0.1 0.5 -0.3 -0 -0.5 -0.4 0.4 0.5 0.2 0 0.3 -0.5 
0.2 -0.3 0.5 -0.2 0.4 -0.5 -0.3 0.4 0.3 0.5 -0.3 0.1 -0.4 0.3 -0.1 0.5 -0.3 0.5 0.1 0.4 -0.5 -0 0.5 -0.5 0.5 0.5 0.4 -0.5 0.5 0.1 0.4 0.1 -0 0.1 -0.4 -0.3 0.5 -0 0.2 -0.5 0.5 0.2 -0.1 0.5 0 0.4 -0 -0.4 0.4 0.4 0.1 -0.4 0.2 -0.3 -0 0.3 0.2 -0.1 0.3 -0.2 0.5 -0.1 0.4 -0.2 0.3 0.1 -0.5 -0.3 0 0.5 
-0.2 0.5 -0.5 0.5 -0.5 -0.1 -0 0.5 -0.5 -0.3 -0 0 -0 -0.1 0.4 0.5 0.2 0.3 0.3 0.5 0.2 0.1 0.4 0.1 -0.2 -0.2 0.5 0.1 -0.2 -0.4 0.1 -0.4 0 0.2 -0.2 -0.1 0.1 -0.1 -0.3 0.4 -0.3 -0.3 -0.1 -0.4 -0.4 0.1 -0 0.3 0 -0.1 0.4 0.1 -0.3 0.2 -0 -0.2 0 0.3 -0.3 -0.3 -0.2 0.2 0.2 0.4 0.3 -0.1 0.3 0.5 -0 0.4 
0.5 0.2 -0.2 -0 -0.3 -0 -0 -0.1 0.1 -0.1 0 0.2 -0.2 0.4 0 0 -0.3 -0.4 -0.2 0.1 -0.4 -0 0.2 -0.2 -0.2 -0.4 0.3 0.2 -0 0.3 0.5 0.3 0.3 -0.5 -0.2 0.1 0.2 -0 0.1 0 -0.4 0.2 -0.2 0.5 -0 0.5 -0.2 -0.5 -0 -0.1 0.3 0.4 -0.1 0.2 0.5 0.4 -0.4 0.2 0.2 -0.5 0 -0 0.4 -0.4 0 -0.5 0.5 -0.1 0.4 -0.3 
-0.3 -0.4 -0.5 0.4 -0 -0.5 0 -0.4 0.1 0.1 -0.1 0.1 0.5 -0.5 -0.4 0.4 0.1 0.1 0.1 -0.3 -0.1 0.3 -0.4 -0.2 -0.4 -0.2 -0.1 0.2 0.5 -0.2 -0.1 0.5 0.1 -0.4 0.2 -0.1 -0.3 0.1 -0.5 -0.4 -0.4 -0.3 -0.3 -0.1 0.4 -0.3 -0 -0.3 -0 -0.1 0.4 0 -0.4 -0.1 -0 -0.1 0.2 0.5 -0.1 0.1 -0 -0.2 0 -0.3 0.4 0.4 0.2 0.5 0.3 0.5 
-0.2 0.5 0.2 0.4 -0.3 -0 -0.2 0.1 0.5 0 -0.4 -0.1 0.1 -0.4 -0.5 -0 -0 0 0.2 0 -0.1 0 0.5 -0.4 0.1 -0 -0.2 -0.3 -0 -0.4 0.1 -0.1 -0.5 -0.3 -0.3 -0.5 -0.4 -0.5 -0.1 -0.5 0 -0 0.5 -0 -0.5 0.1 0.5 -0.3 0.2 0.4 0.4 -0.5 0.2 0.1 -0.3 0 0.4 0.2 -0.1 0.4 0.3 0.4 0.5 -0.3 -0.2 -0.3 0 0.4 0.2 -0.4 
0.5 0.2 -0 0.2 -0.3 -0 0.3 0 0.2 -0.1 0 -0 0.3 0.5 0.3 -0 0.5 0 -0.4 0.4 -0.5 0.5 0.5 0.2 -0.5 0.3 0.5 -0.4 0.5 -0 0.4 0 -0 0.4 -0.1 -0.2 0.1 0.3 0.4 -0.5 -0.5 0.5 0.3 0.5 0.5 -0.2 0.4 -0.3 0.3 0.5 0.1 0.5 0 0.1 0.3 0.3 -0.1 -0.3 0.5 0.5 0 -0.4 0.4 0.4 0.2 0.2 -0.2 -0.1 0.5 0.4 
-0.1 -0.4 0.4 -0.2 -0.2 -0.4 0.3 0 -0.2 0.5 0.4 0.3 0.1 -0.2 -0.3 0 0 0.2 0.1 -0.4 -0 0.1 -0.2 -0.5 -0.4 0.1 0.2 -0.1 0 -0.1 -0 -0 0.3 0 0.5 0 0.2 -0.3 -0.1 0 -0.5 -0.3 -0 0.1 0.4 0.2 0.1 0 0.2 0.1 0.1 -0.2 -0.4 -0.4 -0.2 0 -0 0.4 0.4 0.5 0 -0.2 0.1 0.4 -0.1 -0.1 0.2 -0.1 -0.1 0.4 
-0 -0.4 0.1 0.5 -0 0.4 -0.3 0.5 0.1 -0.5 0.5 -0.2 -0 -0.4 -0.5 -0 0 0.2 -0.5 -0.2 -0.3 0.2 0.1 -0.2 0.1 0.2 0.3 0.1 -0.1 0.1 -0.3 -0.5 -0.4 -0.2 -0.5 0 0.3 -0.5 0 -0.4 -0.5 0.3 0.4 -0.2 -0.5 -0.4 0.2 -0.1 0.3 -0.3 0.3 0.2 0.3 -0.2 -0.1 0.3 0 0.5 0.3 -0.2 0.2 0.2 0.2 -0.1 -0.4 0.3 0 -0 -0.3 -0.5 
0.5 0 0 -0.2 0.2 0.4 0.3 -0.5 -0.2 0.2 -0.2 -0.5 -0.2 -0.2 -0 -0.1 0.1 0.4 0.3 0.4 0.3 0.2 0.1 -0.3 0.5 -0.1 0.2 0.5 0.1 -0.2 0.1 -0.4 0.1 0 -0 0.5 -0.1 -0.1 0.5 0.4 0.1 -0.2 -0.1 -0 -0.1 0.1 0.3 -0 -0.5 -0.2 -0.3 -0.5 0.4 0.3 -0.1 -0 0.3 0.4 0 0.3 -0.2 0.1 -0.5 -0 0.4 0.4 0.1 -0.4 0.5 -0.1 
0.1 -0.5 0 -0.2 0.3 0.1 -0 0.2 0.5 -0.4 0.3 0.4 -0.3 0.3 -0.2 0.5 -0.4 0.1 0.5 -0.4 0.1 -0.1 0.1 0.4 0.5 0.2 0.5 0.5 0.5 0.3 -0.5 -0 -0.5 -0.5 -0.4 -0.1 0.4 -0 -0.5 0.3 0.4 0.4 -0 0.4 -0.4 -0.4 -0 0.4 0.3 -0.3 0.4 0.4 0.5 0.5 0.4 -0.2 0.3 -0.2 -0.1 0.3 -0.1 -0.1 0.2 -0.4 -0.3 -0.3 -0.3 -0.2 -0.1 -0.1 
-0 0.4 -0.3 0.1 0.4 0.1 -0.1 0.5 -0.2 -0.1 -0.2 0.4 0.2 0.3 -0.4 0.1 0.4 -0 -0.3 -0.3 -0.1 -0.2 0.5 0.2 -0.1 -0 0.3 -0 -0.1 -0.1 -0.3 0.2 0.3 0.5 0.5 -0.3 0.4 -0.4 -0.5 0.1 -0.1 -0.1 -0.2 -0.2 0 -0.1 -0.3 -0.1 0.1 -0.4 0 -0.2 0.5 -0.5 0.5 0.1 -0.4 0.2 0.1 0.4 -0 0.5 -0.5 0.2 -0.3 0.5 -0 0.1 -0.1 -0.3 
0.3 -0.1 -0.5 -0 -0.4 0.2 0 -0.5 0.4 -0.5 -0 0.3 0 0.5 -0.5 0 -0.1 -0.2 -0.3 0.4 -0.3 0.3 -0 0.1 0 0.1 0.3 0.2 -0.5 -0.3 0.3 -0.5 -0 0 -0 0 -0.2 -0.1 0.2 0 0.1 0 0.4 0.5 -0.3 0.4 0.1 -0.5 0.1 -0.1 0.1 0.3 0.1 0 -0.5 -0.3 0.3 -0 -0.3 -0.5 0.4 -0.1 -0 0.3 0 -0 -0.3 -0.3 0 0.2 
-0.3 -0.5 0.5 -0.3 0 0.1 0.5 0.4 0 -0.4 0.4 0 -0.5 -0.4 -0.5 0 0.1 -0 0.2 0.1 -0 0.3 0 -0.2 0.3 0.1 -0.2 -0.5 -0.2 -0.5 0.5 -0 0.3 -0.5 -0.5 0.2 -0 0.1 0.5 -0.4 0.1 -0.4 -0.4 -0.1 -0.2 0.3 -0.3 -0.5 0 0.4 -0 0.1 0.2 0.4 0.4 -0.2 -0 0.5 -0.5 0.2 -0.4 -0 -0 0.4 -0 0.2 -0 -0.5 -0 0.3 
0.3 -0.1 -0.2 0.4 -0.4 0.1 0.1 -0 0.3 0.5 0.4 -0.1 0.3 0.3 -0 0.5 -0.2 0.3 0.3 -0.1 -0.4 0 -0 0.3 -0.2 0.3 0.2 0.2 -0.3 0 -0.4 -0.3 0.5 0 0.5 0 -0 0.1 0 0.4 0.3 -0 -0.2 0.2 -0.2 0.4 -0.3 -0.3 0.3 0.3 -0.2 -0.2 0.3 -0.3 -0.4 -0.1 -0.4 -0.4 0.1 0.3 0 0.1 -0.1 0.3 -0.4 0 0.1 0.3 0.2 0.1 
0.5 0.5 -0.1 -0.4 -0.1 -0.3 -0.1 0 -0.4 -0.4 -0.2 0.5 -0.2 0.4 0 -0.2 -0 -0.5 -0.2 -0 -0 -0.2 0.3 0.1 0.4 -0.1 0.1 0.1 -0.1 -0 -0.5 0.3 -0.2 0.2 0.1 -0 -0.4 0.1 0.3 0.2 -0.5 -0.5 0.1 0 0.4 0 -0.4 -0.4 0.1 0.1 0.1 -0.1 0.1 -0 0.1 0.3 -0.1 0.3 0.5 -0.3 -0.1 -0.2 0.2 0.4 -0.4 -0.3 0 0.4 0.3 0.4 
-0.2 0.4 -0 -0.5 -0.3 0.2 0.1 0.4 -0.2 -0 -0 -0.5 -0.4 -0.5 -0.5 -0.4 -0.1 0.4 0 -0.1 -0.2 0.1 -0.4 0.1 -0.5 -0.4 -0.5 -0.2 -0.4 -0.2 -0.3 -0.2 0.5 0.4 -0.1 0.2 -0.2 0.5 0 0.3 -0.3 -0.2 0.2 -0.3 0.4 0.5 -0.5 -0.2 0.5 0.2 -0 0 0 -0.5 0.1 0.3 -0.2 0.5 0.3 -0.1 -0.1 0.1 0.4 -0 -0.1 0 0.5 -0 -0.4 -0.4 
0.2 -0.3 0.5 0.4 0.3 -0.2 0.2 -0 0.2 -0.1 -0.3 0.3 0.1 0.4 -0.3 0.1 -0.5 0.5 -0.3 0.3 0.5 -0.3 -0.4 -0.5 0.2 -0.2 0.1 -0.4 0.3 0.3 -0 -0.2 0.1 0.1 0.2 0.3 -0.2 0.1 0.5 0.5 0.1 -0.4 0 0 0.5 0.1 -0.1 -0.3 0.3 0.5 -0.1 0.5 -0.4 0.1 -0.2 0.1 0.5 -0.4 0.4 -0 -0.1 -0 0.2 0.2 0.4 -0.3 -0.5 0 -0 0.5 
-0.4 0.5 0.4 -0 0.4 0.1 -0.3 -0.5 -0.1 0.1 0.5 -0.3 -0.3 0 0.4 -0.3 0.4 0.2 0.1 0 0.4 -0.3 -0 -0.3 0.1 0 0.3 -0.3 -0.3 0.3 -0.5 0.2 -0.4 0.3 -0.5 -0.3 -0.2 -0.1 -0.2 0.1 -0.2 -0.1 0 -0.5 0.5 0.3 0.4 -0 0 -0.5 -0.5 -0.4 -0.2 -0.2 0.3 -0.3 0.2 0.4 -0.5 -0.5 0.1 0.5 -0 -0.5 0 0.1 -0.5 -0.5 -0.1 -0.1 
0.5 0.2 -0.1 0.2 0.5 -0.5 0.4 0.3 0.1 0 -0.5 -0.3 0.2 0.2 -0.1 -0.4 0 0 -0.5 0.1 0.2 0.3 0.2 0.4 -0.5 0.5 0.1 0.4 -0.2 0.3 -0.2 -0.2 0.1 0.3 0 0.1 0.1 0.2 -0 0.3 -0.2 0.5 -0 0.5 0.2 0.1 0.3 -0.2 0.1 -0.5 0.4 0.4 -0.2 -0 0.1 -0.4 0.1 -0.5 -0.5 0.5 0.2 -0.4 -0 -0 0 -0.4 0.3 0.3 -0.3 0.1 
-0.3 -0.5 -0.1 0.2 0.3 0 -0.1 -0.3 -0.2 -0.5 0.4 -0.1 -0.4 0 -0.4 -0.2 0.5 -0.5 0.2 -0.4 -0.1 -0.2 0.4 -0 0.4 -0 0.5 -0.3 -0.2 -0 0.5 -0 0.2 -0.2 0.5 0.1 0.5 0.1 -0.5 -0.5 0.2 0.2 -0.3 0 -0.1 -0.2 0.2 0.2 0.4 0.5 -0.5 0.1 0 0.4 0.3 -0.2 0.5 0.3 -0.2 0.4 0.3 0.2 -0.5 -0.5 -0.1 0.4 0.1 -0.5 -0.2 -0.1 
-0.2 -0.5 0.4 -0.1 0.5 -0.2 0.4 -0.3 -0 0.4 -0.5 0.2 0.3 -0.5 -0.2 -0.5 0 0.2 0.3 -0.5 0.3 -0 -0.2 -0 0.4 0.4 -0.4 0.1 -0.5 0.5 -0.5 0.1 0.4 0.4 0.5 -0.4 0.5 -0.5 -0 -0 0.1 0.5 -0.2 0.3 -0.1 0 0.4 -0.4 0.3 -0.4 -0 -0.3 -0 -0.3 0 -0.1 0.3 0.3 -0.5 0.4 0 0.2 0.3 -0.3 -0.4 -0.4 0 -0 0.4 -0.3 
-0 0.3 -0.2 0 -0.1 0.1 -0 0.4 -0.5 -0.4 -0.2 0.3 -0.4 -0.1 0.2 0.1 0.4 0.3 -0.3 -0.4 0.5 0.1 -0 -0.5 -0.2 -0 -0.4 -0 0.3 -0.4 -0.2 0.4 0.4 -0.3 -0.3 0.1 0.4 -0.4 0 -0.1 -0.4 -0.4 0 0 -0.1 -0.5 -0.5 -0 -0.4 -0.5 -0.3 0.2 -0.3 0.3 0.5 0.3 -0.1 -0.4 0.3 0.3 0.1 0.4 0.5 0.4 0.1 -0.3 -0.3 -0.2 -0.5 0.1 
0.4 0 0.5 0 0.2 -0.2 0.4 0 -0.2 0.5 0.3 -0.5 -0.4 -0.4 0.1 -0.4 0.1 0.4 0.4 0.2 -0.1 0.3 -0.3 -0.1 -0.2 0.1 -0.5 0.2 0.4 0.4 -0.1 0.3 0.5 -0.4 -0.3 0 -0.3 -0 0.3 -0.3 -0 -0.2 -0.3 -0.5 -0.3 -0.3 -0.4 0.5 -0.4 0.2 -0 -0.2 -0.4 -0.5 -0.2 -0.2 0.2 -0.2 -0.2 -0.3 -0.3 0 -0.2 0.2 0.4 0.4 0.5 0.4 0.1 -0.3 
0.4 0 0.3 0.2 -0.2 -0.4 -0.1 -0.4 -0.1 0.2 -0 0.5 0.4 -0.2 0.5 -0 -0.1 0 0.1 0.5 -0.3 0 0.5 0.5 0 -0.1 0.5 0.4 0 0.2 -0 0.4 -0.4 0.4 -0.2 -0.4 -0.3 0.1 0 -0.4 0 -0.5 0.4 -0.2 0.4 0.1 0.2 -0.5 0 -0.2 0.3 0 0.1 -0.5 -0.4 -0 -0.5 -0.1 -0.4 -0.5 0.5 0.4 -0.1 0.3 -0.3 -0.2 0.2 0.3 -0.5 0 
0.1 0.1 0.5 0.1 0.3 0.4 0.2 -0.5 0.3 0.1 0.4 -0.5 0.5 0.3 -0 -0.1 -0.2 0 -0 -0.3 -0 0.1 0.1 0 0.4 0.2 0.5 -0.4 -0.1 -0.2 -0.3 -0.1 -0.1 -0.2 -0 0.4 0.2 -0.3 -0.3 -0.5 -0.3 -0 -0.1 0.2 0.2 0 -0.3 -0 0.4 0.1 0 -0.5 0.2 0.3 -0.5 0.2 -0 0.2 -0.1 0.3 -0.4 -0 -0 0.3 0 0.3 -0.1 0.5 -0.2 -0.4 
-0.5 0 -0.3 0.2 0.4 0.5 0.5 -0.3 0.1 0 -0.2 -0.4 -0.3 0.2 -0.1 0.5 0.1 -0.4 0 0 0.2 -0.1 0.2 0 -0.1 0 -0.2 -0.3 -0.5 -0.3 0.2 0.4 -0.3 0.5 -0.5 -0 -0.4 -0.1 0.5 -0.5 0 -0.2 0 -0.3 -0.2 0.1 0.4 0.3 0.4 0.3 -0.5 -0.1 -0 0.3 0 0 0.4 0.4 0.5 -0 0 -0 0.5 0.4 0.2 0.5 0.1 0.1 0.1 -0 
-0.5 0.3 -0.5 -0 0 0.2 0.1 -0.1 -0.3 -0.3 -0.5 0.1 -0.1 -0.1 0 -0.1 -0.3 0.5 0.1 -0.5 -0.3 -0.2 0 -0.1 -0 0.3 0.5 0.3 0.3 0 -0.1 -0.5 0.1 0.5 0.3 0.5 0.1 -0 0.4 0.3 -0.4 0.5 -0.1 0.1 0.2 -0 -0 -0.5 -0.1 0.1 0.4 -0 0.2 0.4 -0 -0 -0 -0 -0.5 0.3 -0.3 -0.4 0.4 -0.3 -0.4 -0.5 0.4 -0.4 0.4 0.1 
0.2 -0.1 0 0.1 -0 0 -0 0.3 0.2 -0.2 0.2 -0.4 0.5 -0.2 -0.1 0.3 -0.5 -0.1 0.3 0.3 -0.5 0.4 -0.2 0.1 0.5 -0.2 -0.3 -0.5 0 -0.3 -0.3 0.5 -0.1 0.5 0.5 0.5 0 0.5 -0.2 0.1 -0.2 0 -0.1 -0.3 -0 0.4 0.2 -0.3 0.2 0 -0.4 0.3 -0.4 0.2 0.4 -0.3 0.3 -0.1 0.2 0.3 0.2 0.4 -0.5 -0.1 -0.5 -0.4 0.1 -0.1 -0.5 -0.3 
0.4 0.2 0.5 0.4 -0 0.2 -0.4 0.4 -0.4 -0.5 -0.2 -0.5 0.1 0.5 0.1 -0.4 0.5 -0.4 -0.1 0.2 -0.4 0.2 0.3 0 -0.1 -0.2 0.4 0.4 -0.4 -0 0.4 0.4 0.1 0.5 0.2 -0.2 -0.4 0.3 -0.1 -0.2 0.4 0.2 -0.4 0 -0.2 0.1 0.1 -0.4 0.3 -0.1 -0.3 -0.4 -0.5 0.2 0.1 0.1 0 -0.1 -0 -0.4 0 -0.4 -0 -0.5 -0.4 0 -0.1 -0.2 -0.5 0.5 
0.4 0.4 -0.4 -0 0.5 0.4 -0.5 0.2 -0.3 -0 0.4 0.1 -0.1 0.4 0 0.5 -0.4 -0.2 0.1 0 0.2 0.1 -0.3 -0.2 0 0 0.4 0.2 0.4 0.4 0.4 -0.5 -0.5 -0.3 0.5 0.2 -0.4 -0.4 -0.2 0 0.4 0.3 -0 -0.5 0.5 -0.5 0.3 0.5 0.4 0.4 -0.2 0.1 -0.5 -0.4 -0.4 0.5 0.1 0.5 -0.3 0.2 -0 -0.5 -0.1 0.1 -0.2 -0.1 -0.1 0.2 0.5 0.5 
-0.1 0.2 0.3 -0.5 0.2 -0.1 0.4 0.3 0.2 0.3 -0.1 0 0.4 0 0.4 -0.3 -0.3 -0.5 0.3 -0.5 -0.2 0.5 -0.3 0.5 -0.2 0 -0.5 0.3 -0 -0.5 -0.4 -0.4 -0 0 -0.3 -0.2 -0.3 -0.4 0.1 -0.2 -0.4 0.4 -0.3 -0.4 -0 0 0.5 -0.4 -0.5 0.1 0.1 -0.3 0.1 0.1 0.1 -0.2 -0.3 0 0.4 -0.2 0.5 0.1 0.5 -0.5 0.1 0 0 0.2 -0.4 -0.5 
-0.4 -0.3 0 -0 0 0 -0.1 -0.1 0.4 -0.5 -0.5 -0.3 -0.3 0.4 -0.1 0.1 0.3 0 -0.5 0.3 0.3 0.3 0.1 -0 0 -0.1 -0.5 -0.3 0.3 -0.2 0.1 -0 -0.3 0.2 0.3 0 0 0.2 -0.3 0.5 -0 -0.4 -0 -0.5 -0.5 -0.5 0 0.5 -0.2 0.4 -0.4 0.3 0.2 -0.3 -0.4 -0.4 0.4 -0.1 0.2 0.3 -0.4 0 0.4 -0.4 -0.5 0.4 -0 0.5 -0.1 -0 
-0 -0.1 0 0.2 0.3 -0.4 -0.1 0.1 0.5 -0.5 -0.1 -0 0.1 0.1 -0.1 -0 -0.2 0.5 0 -0.5 -0.2 -0 -0.1 0.1 0.5 0.3 -0.4 0.5 -0 0.4 -0.5 -0 0.3 -0.2 -0.4 -0.3 0 -0.1 -0.3 -0.4 -0.5 -0.2 -0.1 -0.1 -0.5 -0 0.2 0.2 -0.1 -0.1 -0.4 0.3 -0.5 -0.2 -0 0 -0 0.1 -0.5 0.5 0.5 -0.4 0.2 -0.5 -0 0.1 0.2 0.1 0.5 0.5 
-0.2 -0.5 0.3 0 0 -0.4 -0.2 0.3 0.3 -0 -0.1 -0 0.5 -0.4 -0.1 -0.4 0.4 -0.4 -0.3 0.5 -0.1 -0.5 0.3 0 -0.5 0 -0.1 0.3 -0.4 -0.2 -0 0.1 0.4 0.5 -0 0.1 0.5 0.4 0 0.3 0.1 0.3 0 0.5 0.1 -0 -0.2 -0.1 0.3 0.3 0 0.4 -0.2 0.3 -0.2 -0.3 -0.3 0.2 -0.2 -0 -0.1 0 -0.3 -0.5 -0.3 0.1 -0.5 -0 -0.3 -0 
-0 -0.3 -0.1 -0.5 -0.2 -0.2 -0.5 0.2 0.1 -0.1 0 0.3 -0.3 -0.4 0.3 -0 -0.2 -0.3 0 0.3 0.1 0.2 0 0.2 0 0.2 0.2 0.3 0.1 -0.2 0 0.2 -0.3 -0.3 -0.5 0 0.4 0 -0.2 0.5 0.2 -0.4 -0.5 -0.3 -0.3 -0.1 -0.4 -0 -0 -0.1 -0.2 -0.3 0.1 -0.3 -0.2 0 0 0.1 -0 0.4 -0 0 0.5 -0.3 0.2 0.3 0.1 -0.3 0 0.2 
0.5 0.1 -0.4 0.2 0.5 -0.1 -0.1 0.1 0.1 0.4 -0.3 0 0.5 -0.5 -0.5 -0.2 0.5 -0.5 -0.1 0.4 0.5 -0.1 0.5 0.4 0.3 -0.2 0.1 0.2 0.1 -0.3 0.4 -0.5 -0.2 0.3 0.2 -0 -0.4 0.5 0.2 0.4 -0.3 0.5 0.4 0 -0.1 -0.4 0.3 -0.5 -0.3 0.5 0.3 0.5 0.2 -0.4 0.5 0.2 0.5 -0 -0.5 0.3 -0.3 -0.3 0 0.2 -0.5 -0.1 0.5 -0 -0.4 0.2 
-0.5 0.5 0.1 -0.5 -0.1 0 0.5 -0.1 -0.5 -0.5 0 0.1 0.1 -0.3 -0.4 -0.2 -0.5 -0.3 -0.2 0.2 -0.3 0.2 0.3 -0.4 0.4 -0.1 0.3 0.2 -0.1 0.4 -0.1 -0.2 -0.4 -0 -0.4 0.4 -0 0.1 -0.1 -0.5 -0 0.2 0.2 0.3 0 -0.3 0.4 0.5 -0.1 -0.4 -0.3 0.4 -0.1 0.2 0.1 -0.4 0 0.2 0.2 -0 -0.2 0.3 -0.2 0 -0.5 0.3 0.2 -0.3 -0.5 -0.2 
-0.2 0.1 0 -0.1 0.4 -0.1 0.5 0.5 -0.4 -0.3 -0.5 0.1 0.3 0.3 -0.5 -0.2 0.3 -0 -0 -0.2 0.1 -0.2 0.4 0.2 0.3 -0.2 -0.1 -0.5 0 0.5 -0.4 -0.1 -0.4 0.1 0.5 -0 0.2 -0.1 0.1 -0.1 0 -0.5 -0.2 0.1 0.3 -0.2 -0.4 -0 -0.1 -0.3 -0 0.1 -0.3 0.1 0.3 0.4 -0.5 0.4 0.4 0.2 -0.5 0 -0 -0.2 -0.2 0.4 -0 0.4 -0 -0.3 
0.4 -0.1 -0.3 0.3 0 0.1 -0.2 0 0.3 -0 -0.5 0 -0.2 0.4 -0 -0.3 0.4 0.3 0.4 -0 0.5 -0.1 -0.5 0.4 0.5 0 0 0.1 -0.1 -0.4 -0.2 -0.1 0.5 0 0.3 0.4 0 0.4 -0.4 0.4 -0.4 0.5 0.4 0.3 -0.5 -0.4 -0.4 -0.5 0.2 0.4 -0.4 0.2 0 0.4 0 0.3 0 0.2 0.4 0.4 -0.5 0.2 0 0.4 0.4 0.3 0.2 -0.3 -0.3 -0.1 
-0.5 -0.3 -0.5 0.1 0.4 -0.3 -0 0.3 0.4 -0 0.1 -0.2 0.1 -0.3 0.2 0.4 -0.1 -0.2 -0.3 0.1 -0.1 0.1 -0 0.5 0.4 -0.4 -0.3 -0.5 0.4 0.4 -0.3 0.2 0 -0.3 -0.1 0.3 0.5 0 -0 -0 0.1 0 0.5 -0 0.4 0.1 -0.3 -0.5 -0 -0.4 -0.1 -0.2 0.3 0.2 0.5 0.4 0.4 0 0 0.4 0.1 -0.3 0 0.1 -0.1 -0 -0.5 0.1 0 -0.2 
0.3 -0.2 0.1 -0.2 -0.5 0.3 0.3 0.2 -0.1 -0.2 0.5 -0.3 0.5 -0 0 -0.4 0 0 -0.5 0.5 -0.2 0.1 -0.1 0 0.3 -0 0.2 0.2 -0.1 -0.1 -0.4 -0.5 0.2 -0.3 -0.1 0 -0.3 0 0.4 -0.2 -0.4 0 0.4 0.5 -0.5 -0.3 -0.2 0.5 0 -0 -0.1 0.1 0 -0.4 0.2 0.2 0.1 0.2 -0.2 0.3 0.5 0.1 -0.4 -0 0 0.2 -0.4 -0.2 -0.2 0.5 
-0.1 -0.1 0.1 0.5 0.2 0.2 -0.2 -0.4 -0 0.1 0.2 -0.4 -0.2 0.4 -0 -0.2 -0.3 -0.5 0.5 -0 -0.1 0 0.4 -0.3 0.3 0.3 0.4 -0.5 0.1 -0.3 -0 -0.5 -0.1 0 0.3 0.2 -0.1 0.3 -0.5 0.1 -0.2 0.1 0.5 0.3 0.1 0.4 -0.4 -0.1 -0.1 -0.3 -0.3 -0.4 0.4 -0.1 -0.3 -0.2 -0.5 -0.2 -0.1 -0.1 0.3 -0 -0.2 -0.2 0 0.1 -0.1 -0.4 -0.2 -0.5 
-0 -0 0.3 0.1 0.5 0.3 -0 -0.2 0.2 -0.2 0.3 -0.1 0 -0.4 0.3 -0.3 -0.2 0.5 -0.4 0.4 0.1 -0.1 -0.2 -0.5 0 0.2 -0.5 -0.4 0.1 0.4 0.3 0.3 -0.4 -0.5 0.5 -0 0.2 -0.5 0.1 -0.4 -0.5 0.5 0.5 -0.4 0.1 -0 0.1 0.3 -0.3 0.5 0.3 0.3 -0.3 0.1 0.3 -0 0.1 -0.1 -0 -0.3 -0 0.1 -0 0.4 -0.5 0.3 0.2 0 -0.3 -0.4 
0.1 0.5 0.1 0.5 -0.5 -0.4 0.3 -0.3 -0.1 0.2 0.4 -0.1 0.2 -0.1 -0.4 -0.3 -0.1 0 0 -0.5 0.4 -0.2 -0 -0.2 0.5 0.4 -0 -0.5 0.2 -0.5 -0.2 0.2 0.1 0.2 -0.4 0.5 0.5 -0.2 0.5 0.4 0.5 0.4 -0 -0.3 0.2 0.5 -0 0.5 -0 -0.1 0.3 0.5 -0.4 -0.1 -0.1 -0.3 0.5 -0.1 -0.5 0.4 -0.4 -0.2 -0.1 -0.2 0.3 -0 0 -0.1 0.4 0.5 
0.3 0.4 -0.4 0 -0.2 0 -0.4 -0 -0.2 0.5 -0.4 0.4 0.1 -0 0.4 -0.2 -0.5 0.2 -0.2 -0 -0.1 -0.2 -0.2 0.1 0.2 0.2 0 0 0.1 0.4 -0.1 0.5 -0.4 -0.4 -0.4 -0.4 0.4 0.1 0 0 0.5 0.5 -0.4 -0.3 0.2 -0.5 -0.1 0 0 -0.3 0.2 -0 0.3 0.2 -0.2 0.1 -0.3 0.3 -0 0.1 0.2 -0.5 -0.5 0.3 -0.3 0 -0.3 0.1 0 -0.5 
-0.3 -0 0.1 -0 -0.4 -0.5 0.2 -0.3 0.3 -0.3 0.5 -0.1 -0.2 0.3 0.5 -0.3 0.2 0.1 -0.5 -0.3 -0.2 0.5 -0.5 -0.5 0.4 0 -0.4 -0.4 0.1 0.4 0.3 0.5 -0.4 0.4 -0.3 -0.3 -0.2 0.2 -0.3 -0.2 -0.2 0.1 0 -0.2 -0.5 0 0 -0.3 0.1 0.4 0.5 -0.1 -0.1 0.5 -0.3 -0.2 -0.5 -0.1 -0.5 -0.5 0.4 -0.3 0 0.1 -0.4 -0.3 0.4 0.3 -0.4 0 
0.5 -0.3 -0.2 -0.2 -0 -0.4 0.4 -0.1 0.5 0.3 0.5 0 -0.1 -0 -0.2 -0.3 -0 -0 0.2 -0 0.2 0.5 -0.3 0.5 0.2 -0.2 -0.5 0.2 0.4 0.2 0.5 -0.1 -0.2 0.4 0.3 0.5 -0 0.4 -0.4 0.5 0.3 0.3 0.4 -0.1 0.1 -0.2 -0 0.4 -0.4 0.3 -0.2 0.2 0.4 -0.1 0.1 -0.4 0.1 -0 -0 -0.2 0.2 0.1 -0.4 -0.2 0.4 -0.3 0 0.1 0.5 0.5 
0.5 -0.4 0.5 0 -0 0.1 0 0.1 -0 -0.5 0.3 -0.2 -0.1 -0.5 0.2 0.4 -0.4 0 -0 0 0.4 0.5 0.2 0.1 0.4 -0.2 -0 -0 -0.4 -0.3 0 -0.4 0.5 0.3 -0.2 -0.2 0.1 -0.2 0.1 0.2 -0.1 -0 -0 0 0.2 -0.1 0 -0.2 -0.1 -0 -0.4 0.5 0.5 -0 -0.1 0.2 0.3 -0.1 -0.1 -0 -0.2 -0.1 0.4 -0.3 -0.4 0 -0.2 -0.1 0.4 -0.1 
0.1 -0 -0.2 0 0.1 0.3 0.3 -0.2 -0.4 0.4 -0.2 0.4 0.1 -0.4 0.4 -0.4 -0.5 0 -0.4 -0.1 0.5 -0.4 -0 0 0.4 -0.5 0.5 -0.3 -0 -0.3 0.5 -0 0.1 0.3 0.1 -0 -0 0.4 0.2 0 -0.1 0.5 -0.1 0.4 0.2 -0.4 -0.4 0.3 -0.5 0.1 0.1 -0.1 -0.3 -0.3 0.4 0.5 -0 0.2 -0.3 0.3 -0.3 0.4 -0.4 -0.3 -0.5 0 -0.2 -0.4 -0.5 0.1 
-0.2 0.2 0.1 -0.3 0.1 -0.1 -0.5 -0.2 -0.2 -0.3 -0.2 -0.4 0 -0.5 -0.3 -0 -0.5 -0.1 0.4 0 -0.1 -0.2 0.2 -0.2 0.2 -0.4 0 0.4 0.5 0 0.3 0.1 0.5 0.5 -0.3 -0.1 0.5 -0.3 -0.4 -0 -0.4 0.1 0 0.2 0.2 0 -0.3 0.3 0.4 0.2 -0.2 -0.4 -0.2 -0 -0.4 0.4 0.4 -0.2 -0.1 0.1 -0.1 -0.4 0.3 0.4 0.2 0.1 0.1 -0.1 0.4 0.3 
0.2 -0 -0.2 0 0.3 -0.3 0.4 0 0.2 0 0.3 -0.5 0.5 0 -0 -0.2 -0 0.4 -0.1 0.3 0.3 0 -0 0.5 0.2 -0.3 -0.5 0.2 0.4 0.3 -0.2 -0.4 0.2 0.1 -0 0.3 -0.1 -0 -0.5 0 -0.5 -0.3 0.3 -0.4 -0.3 0.4 -0.3 0.4 -0.2 -0.4 0.4 -0.1 -0.2 0.4 -0 0.1 -0.1 0.2 0.5 0.2 0 0.4 0.5 0.5 -0.1 0.4 -0.3 -0.2 0.5 -0.5 
-0.5 0.3 -0.2 -0.5 -0.1 -0.2 0.4 0.2 -0 -0.4 -0.1 0.5 -0 -0.5 -0 0.1 0.3 0.3 -0.3 0.3 0 -0.2 0.3 0.3 -0.2 -0 -0.2 -0.2 0.5 -0.3 -0.2 0.3 -0.4 0.4 -0.5 -0.4 -0.4 0.5 -0.3 0.4 -0.5 -0.4 -0.2 -0.3 -0.4 -0.1 0.1 0.1 0.1 0.5 0.5 -0.1 0 0.1 -0.2 0.4 -0.3 0.5 -0.1 0.1 0.1 0.2 -0.2 0.5 -0.2 0.1 -0.4 0.3 0.2 -0.3 
0.3 -0.2 0.1 -0.5 -0.5 0.5 -0.4 -0 -0.3 -0.2 -0.1 0.5 -0 0.5 -0.5 0.5 0.1 -0 -0 0.2 0.2 -0.5 -0 -0 0.4 0.5 -0.2 0.1 -0.5 0.4 0.3 -0.5 0.5 -0.3 -0.3 -0.3 0.2 0.5 -0.5 -0.3 -0.3 0.1 0.5 0.1 0 -0 -0 -0.4 -0.3 -0.1 0.3 0.2 -0.3 -0 0.2 -0.4 0.2 -0 -0.3 -0.3 -0.2 -0.3 0.5 -0 0.4 -0.2 -0.1 -0.1 0.2 -0.3 
-0.1 -0.5 -0 -0.2 -0.2 -0.2 0.4 -0.4 -0.4 0.1 -0.1 0.2 -0.1 -0.1 -0.1 0.2 0.3 -0.3 -0 -0.4 0 -0.2 0.4 -0 -0.1 -0.2 -0.3 0.2 0.4 -0 -0.2 0.3 -0.4 0.5 0.3 -0.5 -0.2 -0.5 -0.4 -0 0.3 0.1 0.2 -0.1 0.4 -0.1 0.5 0 -0.2 -0 -0.2 -0.4 -0.2 0.2 -0.3 0.5 0.2 0.3 0.1 0.1 -0.3 0.2 0.5 0.2 -0.5 0.3 -0.1 -0.2 -0.1 0.2 
-0 -0.3 0.5 0.1 0.2 0.2 -0.2 0.4 -0.2 0.5 -0.2 0.4 -0.5 -0.4 -0.5 -0.4 0.4 -0.2 0.4 -0 0.3 0.2 0 0.5 0.2 0.1 0.2 0.5 0.5 -0.1 0.2 -0 -0.4 -0.3 0.4 -0.1 0.4 -0 0.1 -0.5 -0 0.3 0.2 0.4 -0.5 -0.2 0.2 0.1 -0.3 0.5 0.1 0.2 -0.5 0 0.5 -0.5 -0.1 0 0.2 0.5 0 -0 0.4 -0.5 -0.5 -0.1 0.1 -0.2 -0.3 0.5 
-0.5 -0.4 0.3 0.4 0.3 0.4 -0.3 0.1 -0.3 -0.1 0.2 0.4 -0.2 0.2 -0 0.4 -0.3 -0 0.3 0.4 0.4 0.5 0.2 -0.1 -0.4 0.3 0.5 0.5 -0 0.2 -0 -0.2 -0 0.5 -0.3 0 -0.2 -0.1 -0.4 -0.2 0.1 0.4 0.2 0.5 0.2 0.5 0.1 0.3 -0 0.2 -0.4 0.1 -0.4 0.4 0.1 0.1 -0.4 -0.5 0.5 -0.5 -0.3 0.1 0.4 0.1 -0.3 -0 -0.2 -0.4 0.2 0 
-0.1 -0 -0.3 0.4 0.1 -0.2 0.5 -0.4 0 -0.3 -0 -0.2 0.3 -0 -0.1 -0.2 0.4 -0 -0.1 0.2 0.3 0.4 0.1 0 -0.5 -0.2 -0.5 -0.4 0.2 0.3 -0.1 -0.4 0 0.5 -0.4 -0.1 -0.3 -0.1 -0.3 0.2 0.1 -0.4 0 0.2 0.4 -0.3 0.3 -0.4 -0.3 -0.5 -0.1 0 0.2 0.1 -0 0.4 -0.5 0.2 -0.2 0.5 0.4 0.2 -0.2 0.2 -0 -0.5 -0.4 -0.3 0.3 -0.1 
-0.5 -0.5 0.5 -0.5 -0.5 0.2 -0.2 0.4 0.1 -0.2 -0 -0 0.2 -0 0.4 0.5 -0.3 0.1 -0.3 0 -0 0.2 -0.5 -0.5 0 -0.5 0 -0.1 -0.4 -0.1 -0.5 0.2 -0.3 0.4 0.2 0.1 -0.5 0.2 0.1 -0.2 -0.1 -0.5 -0.2 0.2 0.4 -0.1 -0 0 -0 0.1 0.1 -0.1 0.3 -0.4 0.1 0.3 0.3 0.5 -0.5 0.5 -0.1 -0 -0.3 -0.2 -0.1 0.3 0.3 -0.2 0.2 0.2 
-0 -0.3 -0.3 -0 0.1 0.3 0.5 0 0.1 0.3 0.2 0.1 -0.5 -0.3 0.4 -0.5 0.2 -0.4 0.2 0.4 -0.2 0.1 -0.2 -0.5 -0 0.1 0.5 0 0.4 -0 0.5 0.2 -0.5 0.3 -0.1 0.2 -0.2 -0.1 0.3 0.3 -0.3 0.3 0.5 -0.4 -0.3 -0.1 0.1 -0.1 0 -0.5 -0.5 -0.2 -0.2 -0.1 -0.4 0 -0 0.1 -0.3 -0.4 0 -0.2 -0.1 0.3 -0.1 0.2 0.5 0.3 0.2 0.3 
0 0.3 0 0.2 -0.5 0.2 0.4 0.5 -0 -0.4 -0.3 0.3 -0 0.1 0.4 0.4 0.2 -0.3 0.3 -0.2 -0.3 0.1 -0.4 0.4 -0.5 0.2 -0.4 0.2 -0 -0.3 -0.1 0.5 0.1 0 -0.5 0 -0.2 -0 -0.3 -0.4 -0.3 0.4 0.4 0.1 -0.1 0 0.4 -0 0 -0.3 -0.1 -0.4 0 -0.5 -0 -0.4 -0.5 0.1 0.4 0.5 -0.5 -0.2 -0.2 0.1 0.3 0.4 -0.3 0.1 -0.5 0.5 
-0.5 -0.1 0.4 0.4 0.1 -0.4 0 0.1 -0 -0.5 0.3 -0.5 -0.4 0.2 -0.2 -0.1 -0.5 0.3 -0.4 0.1 -0.1 -0.3 0.1 -0.1 0.4 0.2 -0.2 -0 0.3 -0.5 -0.4 0.4 -0.4 -0.2 -0.5 0 -0.5 0.1 -0.5 0.3 -0.4 -0 0.2 -0.2 -0.4 0.4 0 0.2 -0.5 0.4 -0 0.4 0.4 -0.3 -0.3 0.2 -0.1 -0.4 -0.2 0 0 0.4 -0.2 0.4 -0.3 0 -0.4 0.5 -0.1 0.2 
0.4 -0.4 -0.2 0.2 0.2 0 -0.2 0.2 0.1 0 0.4 0.3 0.1 -0.1 0.1 0.5 0.3 -0.5 -0.3 0.1 -0 -0.4 -0.3 0.5 0.4 -0 0.4 0.1 -0.5 0.3 0.2 0.4 -0.3 0.4 0.2 -0.2 0.4 0.1 0.5 -0.2 -0.4 -0.4 0.5 -0.3 0.3 -0 0.1 -0.5 -0.1 0.3 -0.5 -0.5 0.4 -0.2 -0.4 0.4 0.5 0.1 0.3 0.4 -0.3 -0.5 -0 0.2 -0.2 -0 0.1 -0.4 -0 0 
0.2 0.5 0.3 0.4 0.4 -0.3 0.4 0.5 0.5 -0.3 -0.4 -0.1 -0.4 -0.2 -0.1 0.1 0.3 0 0.4 0.2 -0.5 0.1 -0.2 0.5 -0.5 0.1 -0.3 0.1 0.4 -0.3 -0.2 0.1 -0.1 -0.1 -0.4 -0.4 -0.1 -0.5 0.3 0.1 0.5 0.4 0.1 -0 -0.4 -0 0.4 0.1 -0.1 0 -0.4 -0.1 -0 0.1 0 -0.2 -0.3 0.4 0.1 0.5 0.4 0 0 0.3 -0 -0.5 0.4 0 -0.2 -0.1 
0.2 -0.4 0 0 -0.4 0.3 0.2 0 0.4 -0.1 0.1 0.5 -0.4 -0.2 0.4 -0.1 -0.3 -0.3 -0.5 -0.2 -0.3 0.2 -0.4 0.5 0 -0 -0.1 -0.4 0.2 -0 -0 -0.4 -0.2 -0.4 -0.4 -0.1 0.1 -0.5 -0.1 -0.1 -0.4 -0 -0.5 -0.3 -0.4 0.4 0.5 0.4 0.3 0.1 0.3 0 0.3 -0.5 -0 0.4 0 -0 -0.2 -0.4 0.1 -0 -0.5 0.1 -0.1 0.1 0.1 -0.5 0.2 0.5 
-0.3 0.3 -0.1 -0 -0.1 0.5 0.1 -0.1 -0.4 0.2 -0.1 -0.1 0 0.4 0.3 0.3 0.4 -0.5 -0.4 -0.4 -0.3 -0 -0 -0.4 0.2 0.1 -0.5 -0.3 -0.1 -0.1 0.1 -0 -0 -0 0 0.2 0.5 0.1 0.1 -0.2 -0.1 0.4 0.5 -0.3 0.1 0.1 0.5 -0.4 -0.1 0 -0.1 0.1 0.2 0.2 -0.3 -0.5 0.1 -0.2 0.3 -0.2 0.2 -0 -0.1 0.3 0.1 -0.5 0.3 -0.4 -0.1 -0 
-0.2 -0.1 -0.1 0.5 0.5 -0.2 -0.1 0.5 0.5 0 0.1 -0 0 0.1 0.3 -0.3 -0.5 0 0.4 -0.4 0.3 0.3 0 0.2 -0 0.3 -0.1 -0.1 0 0 -0 -0.1 -0.5 -0.5 0.3 -0 0.3 -0.2 -0.4 0.5 0.4 0 -0.2 -0.1 0 -0.3 0 0.5 0.2 0 -0.1 0.3 0.1 -0.1 -0.5 0 -0.5 0.2 -0.5 0.3 -0.3 0.5 0.3 0 -0 0 -0.4 -0.5 -0.2 -0.3 
-0.5 -0 0.5 0.5 0.4 0 0.1 -0.2 0.2 0.3 0.4 -0 0.4 -0.5 0.4 0.5 0.5 -0 0.5 0.1 0.4 -0.2 -0.2 0.3 0.4 0.3 0.3 -0.2 -0.4 -0.3 -0.4 0.5 -0.5 -0 -0.1 -0.5 0 -0.3 0.1 -0.5 -0.5 0.3 -0.1 -0 -0 0 0.4 -0 0.3 0.3 0.5 0.2 -0.5 0.3 0.5 0.3 0 0.5 -0.1 0.5 -0.2 -0 0.3 0.2 0.2 -0.2 -0.3 -0.2 0.3 -0 
0 -0.4 0.5 0.4 0.2 -0.2 0.4 0.4 -0.4 -0.3 0.2 0.5 0.1 -0 0.4 -0.4 0 0.1 0.4 -0 0.2 0.2 0 -0 0.2 -0 0.5 -0 0.2 -0.2 -0.4 0.1 0.5 0.2 -0.3 -0 -0.5 0.4 0.5 0.4 -0.3 -0.2 -0 0.1 -0.5 0.2 -0.2 -0.4 -0.4 0.1 -0.5 -0.5 -0.1 -0.1 -0.1 -0.4 0.4 0.5 -0.1 -0.4 0.3 0.2 -0.1 0.5 -0.4 0.5 0.5 0.5 0.3 0.1 
0.5 0 0.4 0.5 -0.3 -0.4 0.1 0.3 0.4 0 0.4 -0.4 -0.1 -0.4 0.1 -0.4 -0.5 0.1 0.2 0.1 -0.5 -0.3 0.3 -0 -0.3 0.2 0.3 0.1 0 -0.4 -0.5 0 0.5 -0.4 -0.3 0.3 0.3 0 -0.1 -0.2 -0.5 0.5 -0.1 0.5 -0.4 0.2 -0.4 -0.1 -0 0.1 0.4 0.2 -0 -0 0 -0.1 -0.3 0.4 0 0.5 0.4 0.3 0.1 -0.2 -0.5 -0.1 -0.5 0.2 -0.1 -0.1 
-0.4 0.2 -0.2 -0 -0.1 -0.5 -0.5 -0.5 0 -0.4 -0.2 -0.4 -0.3 0.1 0.1 0.1 -0.5 0.5 -0.1 -0.2 0.2 0.1 0.3 0.4 -0 0.4 0.2 0.2 -0.2 -0.2 0.1 -0.1 0.3 0 0.3 0.4 0 -0.4 -0.2 0.4 0.1 0 -0.2 0.4 -0.3 0.5 -0.2 0.1 -0.5 -0.2 0 0 0.4 0.2 0.5 0.4 0.5 0.3 -0.5 -0.4 0 -0.3 0 -0.3 -0.2 -0.5 0.4 0.1 0.2 -0.4 
-0.5 0.1 0.4 0 -0 0.2 0.4 -0 0 -0.1 -0.1 0.3 -0.4 0.3 -0.3 -0.4 -0.1 0.1 -0 -0.3 0.2 -0.4 0.2 0.2 -0 -0.4 -0.1 -0.2 0.2 -0.3 -0 -0 -0.3 0 0.1 -0.2 -0.2 -0.1 -0.3 -0.2 -0.2 0 0.3 0.2 -0.5 -0.1 -0.2 -0.2 0.1 -0.2 -0.4 0.2 -0.3 0.2 -0.3 0 0 -0 -0.5 0.5 -0.3 0 -0.5 -0.3 -0.4 -0 0.2 0.1 -0.2 -0.2 
0.3 -0.2 -0.4 0.5 -0.2 0.4 -0.2 -0.2 -0 0.4 0.3 0.4 -0.5 0.1 -0.5 -0.5 -0.2 -0.2 0.1 -0 -0.3 0 -0.1 -0.5 -0.1 -0.3 0.2 0.2 -0.2 -0.4 -0.2 0 -0.1 -0.1 -0.4 -0.4 0.4 -0.5 -0.4 0.5 -0.2 0.3 0.4 -0.5 0.4 -0 -0.5 0.4 -0.3 -0 0.5 0.4 -0.5 -0 -0 -0.2 0.2 0.2 0.1 -0.5 0.2 -0.3 0.5 -0.5 -0.4 -0.5 -0.1 -0.2 -0.4 -0.4 
0.4 -0.4 0.3 0.5 0.5 0 0.1 -0.2 0.2 -0.5 -0.2 0.4 -0.3 -0.2 0.2 -0.4 0.2 -0.3 -0.3 0.1 -0.2 0.3 -0.1 -0.1 0 -0.1 0.5 -0.3 -0.4 0.3 0.1 -0.3 -0.4 0.2 0.2 -0.1 0.5 0.5 -0.3 0.3 -0.1 0.5 -0.1 0.4 0.4 -0.4 -0 -0.2 -0.1 0.3 -0.2 0.5 -0.2 0.2 -0.5 -0.2 0.5 -0.1 -0.3 -0.5 0.2 -0.5 -0.5 0 0 -0.2 0.3 -0.4 -0.2 0.2 
-0.2 0.1 -0.5 -0 0.4 -0.2 -0.3 0.4 0 0 0.5 0.1 0.2 -0.3 0.1 -0.5 -0.1 0.1 0.5 -0 0.3 -0.5 0.3 -0 -0.5 0.1 0.5 0 -0.5 -0.3 -0 0 -0.2 -0.5 0.1 -0.4 0.4 -0.2 -0.4 0.2 -0.2 0.1 -0.2 -0.4 0.2 -0.3 0.3 -0.1 0.3 0 0.1 0 0.1 0.5 -0.4 0.4 0 -0.4 0.4 0 0.2 -0 -0.5 -0.3 0.5 -0.4 0.1 0.2 0 0.1 
0.2 -0 0 0 0.5 -0.2 -0 0.2 -0.1 0.5 0.1 -0.3 -0.3 -0.1 -0.5 -0.5 -0.4 0.5 -0.2 0.1 -0.3 0 -0.2 -0.1 0.1 0 0 -0.1 -0.5 -0.5 0.2 0 0 -0.3 -0.1 -0.2 0.3 -0.2 -0.2 -0.5 -0.5 0.1 -0.3 -0.1 0.4 0.3 0 -0.2 -0.4 0 0.1 0.4 0.1 0.1 -0.5 -0.2 -0.1 0.2 0.5 -0.5 -0.1 0.5 0.5 -0.5 -0.5 -0.3 0.5 0.2 -0.4 0.2 
0.1 -0.3 0.5 -0.4 0.1 -0.5 0.5 0.4 0.1 -0.2 -0 -0.3 0.3 0.3 0 -0 -0 -0.5 -0 -0.3 -0.3 0.2 0 0.5 0.2 -0.5 0.2 0.4 0 -0.4 0.3 0.5 -0.5 0.3 -0 0.1 -0.3 -0.1 -0.5 0.1 -0.3 0.4 0.1 0.2 -0.2 0.2 -0 -0 -0.4 -0.2 0 -0.3 -0 0.2 0.3 0.3 0 -0.2 -0.2 0.1 0.4 -0.5 0 -0.1 0.1 0.4 -0.5 -0 0.4 0.4 
-0.2 -0.5 -0.5 0.2 -0 -0.1 -0 0.1 -0.5 -0.1 0.5 0.5 0.5 -0.2 -0.4 0.4 0.2 0.5 -0 0 0.1 -0.3 0.5 -0.1 0.4 0.1 -0 0.5 0 0.3 0.2 0.2 0 0.3 0 -0.2 -0 0.5 -0.1 0.4 -0.1 -0.2 -0.1 -0.5 -0.5 -0.3 0.5 0.4 -0.4 0.3 0.3 -0.1 0.3 -0.1 0.3 -0.1 0.2 -0.2 0.1 -0.3 0 -0 -0.3 -0.4 -0.5 -0.1 0.5 0.4 0.5 0.5 
-0.3 0.5 0 -0 -0.5 -0.5 -0 0.3 -0.1 -0.2 0.3 -0 0.4 -0.2 -0.1 -0.4 0.4 0 0.1 0.3 0 0.2 0.2 -0.2 -0 0.5 -0.2 0.5 0.1 0.3 0.3 0.2 -0.2 -0.1 -0.5 0.2 -0.3 0.4 -0.5 0.5 -0.2 0.3 0 0.4 -0.4 0.1 0 0.5 0.5 -0.3 0.3 -0 0.3 0.2 0.2 -0 0.1 -0.1 0.1 -0.1 0.3 -0.4 -0.3 -0.5 0.4 -0.2 0.4 0.2 0.4 0.2 
0.1 0.3 -0.3 0.3 -0.1 0.1 -0.3 -0.2 0 0 -0.3 -0.3 -0.3 -0.5 0 0 -0.2 -0.2 0.5 -0.1 -0 0.2 -0.3 0.4 -0.4 0 -0.3 -0.5 -0.5 0.3 -0.4 -0.4 -0.5 -0.3 0.2 0.5 0 -0 -0.2 0.4 0.4 -0 0.4 -0.1 -0.1 0.2 0.5 -0.3 0 0.3 0.4 0.3 0.4 -0.5 0.3 -0.4 -0.4 0.5 -0.1 0 -0.2 -0.5 0 0.2 0.4 -0.4 0.4 -0.4 0 -0 
-0.2 0.1 -0.1 0.4 0.3 0.1 -0.3 0.3 -0 0.5 0.3 0 -0.1 0.1 0.5 -0.3 0.4 0.1 -0.1 -0.5 0.5 -0.1 -0.1 -0.2 0.3 0.4 0.2 -0 -0.1 -0.1 -0.5 -0.5 -0.1 0 0.3 -0 0.4 0.1 0.5 0.4 0.2 0.4 0.5 0.3 -0.2 -0.4 -0.2 -0 -0.1 0.2 0.3 0.2 0 0.4 -0.4 0.3 0.2 0 0.4 -0.1 0.4 -0.3 0.2 -0.4 -0.1 0.3 -0 -0.3 -0.1 -0 
-0.5 0.3 -0.4 -0.1 0.3 0.5 -0.5 0.4 -0.4 0 -0 -0.2 0.3 -0.3 0 0.2 -0 -0.3 0.1 0 0.3 -0.1 0 -0 0.3 0.1 -0.4 0 -0.5 -0.1 0.3 -0.1 -0.1 0.3 0.5 0.2 0.1 -0 -0.3 0.3 0.5 -0.2 -0.1 0 0.1 -0.4 -0.3 0 0 0.2 -0.4 0.5 -0.3 0.5 0.2 0.5 -0.1 -0 0.1 0.5 0.4 -0.5 -0.5 0.1 0 -0.5 0.5 -0.1 0.1 0.1 
-0.1 0.3 0.3 -0.1 0 0.4 0.1 0.3 -0 0.1 0.5 0 0.5 -0.2 0 -0 -0.3 -0.1 0.2 0.2 0 -0.4 0.1 -0.1 -0.1 0.3 0.2 -0 0.4 -0.4 0 0.3 0.5 -0.4 0.3 -0.2 0 -0.2 -0.4 -0.4 0.5 -0.4 -0.4 -0.5 0.2 0.1 0 0.4 0.5 -0.4 -0 0.3 0.3 -0.3 0.4 -0.2 -0 0.2 0.5 0.2 -0.4 -0 0 0.2 -0.3 0 -0.5 -0.5 0 0.4 
0.3 0.5 -0.1 0.5 0.2 0.4 0.1 0.4 -0.4 -0.3 0.5 -0.3 0.3 -0.5 -0.3 -0 -0 -0.2 -0.3 0.3 -0 -0.3 -0.3 0.5 0.1 0.2 0.3 -0.1 0 0 0.1 0.3 -0.1 -0 -0.5 0.2 -0.3 0.3 -0 0.1 -0.4 -0.3 -0 0.4 -0.2 0.1 0.2 0.3 -0.1 0 -0.4 -0 -0.3 -0 -0.3 -0.2 -0.2 -0.5 -0 -0 0.5 -0 -0.3 0.2 0 -0.5 0.4 0.3 -0.1 0.2 
-0.3 0.4 0.3 -0.5 -0.4 -0 -0.4 0.2 -0.2 -0.5 0 -0.4 0.1 0.1 0.2 -0.3 -0.1 0.1 0.1 0.2 0.1 0.1 -0.4 0.2 -0.5 0.5 -0.3 0.5 0.2 0.2 0.1 0.5 0 -0.4 -0.3 0.5 -0.4 -0.2 -0.5 -0 0.3 -0.5 0.5 0 -0.2 0.5 -0 -0.1 0.2 -0 -0.4 -0.2 0 -0.5 -0.2 -0.1 -0.3 0.1 0.2 -0.4 0.1 -0.3 0 0 0.2 0.2 0 0.4 0.1 0.4 
-0.1 -0.4 0.2 -0.1 0.2 -0.1 0 0.2 -0.1 0.1 -0.5 -0.1 -0.4 -0.3 -0.5 -0.5 -0.3 -0.3 -0.5 0.1 -0.1 0.5 0.3 -0.1 0.2 0.5 -0.2 0.2 0.1 -0.3 -0.5 0 0.2 -0.5 -0.4 0.4 -0.3 0.3 0.3 0 -0.3 -0.2 -0.1 0.3 0.4 0.5 -0.1 -0.3 -0.5 0.2 -0.4 0.4 -0.2 0.5 0.4 -0.3 -0.2 0.4 -0.2 -0.2 0 -0.5 -0.3 0 0 0.1 -0.4 -0.2 -0.5 0.3 
0.3 0.1 0.2 0.3 -0.3 -0.1 -0.3 -0 0.5 0.4 0.4 -0.5 -0 -0 0.5 -0.4 -0.5 -0.5 0.1 0.3 -0 0 -0.1 -0.5 -0.3 -0.3 0.4 0.3 0.1 -0 -0.2 0.2 -0.2 -0.3 -0.1 0 -0.3 -0 0 -0.1 -0 0.3 0.2 0.1 0.5 -0.3 -0.4 -0.1 0.2 0.5 -0.3 0.5 0.5 -0.4 -0.3 0 -0 0.2 -0.4 -0.3 0.2 0.1 0.1 0 -0.5 0 0.2 -0.4 -0.3 0.2 
0.4 0.3 -0.2 -0.4 -0 -0.3 -0.5 0.3 0.5 0.5 0.2 -0.4 0.3 0.1 0 -0 -0.1 -0 0.5 0.3 -0.5 0.4 0 0.2 -0.4 -0.1 0.4 -0 -0.3 -0.3 0.2 -0.5 -0.3 -0.5 0.3 0.5 0.4 0.4 -0.2 0 0.3 0.4 -0.1 0.5 -0.1 0.5 -0.4 0.2 -0.3 0.1 0 0 -0 0 0 0 -0.2 0.2 0.4 -0.5 -0.2 0 0.2 -0.3 -0.1 0.3 -0.2 -0.4 -0.5 0.1 
-0.3 0 -0 0.3 -0.2 0.2 0.4 -0 0 -0.1 -0.5 0.2 -0.5 -0 0.1 0.5 0.2 -0.4 0.2 -0.3 0.4 0.2 0.5 0.5 -0.3 0.4 0.1 0.1 0.3 0.1 -0 0.5 0.4 -0.2 0.5 0 -0.2 0.5 -0.2 0.2 -0.3 0.5 0.4 0.2 0.4 -0.5 0.2 0.2 0 -0.4 -0.1 0.4 -0.2 -0.2 0 0.1 -0.2 0.3 0.4 -0 -0.5 -0.3 -0.2 0.3 0.3 -0.5 0.1 -0.5 -0.4 -0.5 
0.3 0.3 -0.4 0.1 0.4 0.3 -0.5 -0.2 -0.3 -0.5 0.2 0.2 -0.3 -0.2 0.2 -0.2 -0.3 0 -0.4 -0.1 0.1 -0.3 -0.2 -0.4 -0 0.3 0.4 -0.3 0.4 -0 0.4 0.1 -0.4 -0 -0 0.1 0.3 -0.5 -0 -0 -0.5 -0.1 0 -0.2 0.2 0 -0.4 -0.4 -0.4 -0.2 0.5 -0.2 0.2 -0.1 -0.3 -0 0.2 -0.2 0.2 0.2 -0 0.2 -0.1 0 -0.3 0.1 0.3 0 0.3 -0.5 
0 -0.1 0.4 -0.4 -0.4 0.4 0 0.1 -0.2 -0.2 0.5 0 -0 -0.1 -0.4 0.4 -0.5 -0.3 -0 0 0 0.1 -0 0.4 -0.2 -0.1 -0.3 -0.2 -0.4 -0.2 -0.3 0 0.3 -0.2 0.5 0 0.3 -0.5 -0.2 -0.2 0 -0.1 -0.3 0.2 -0.1 -0.2 -0.3 0.3 -0 -0.1 -0.2 -0.1 -0.5 0.4 -0 -0.1 0.4 0.2 -0.4 0.1 0.1 -0.1 -0.4 0.2 0 -0.3 0 -0.5 -0.3 -0.2 
-0.4 -0 -0.4 0 0.4 -0 0.1 -0.1 -0.2 -0.5 0.4 0.2 0.5 -0 -0.2 0 -0.2 0.4 0 0.4 -0.2 -0.1 -0.2 0.4 0.3 -0.4 -0.1 0.3 -0.5 -0 0.2 0.5 0.1 -0 -0.5 0.2 -0.5 -0 0.3 0.2 0.3 -0.5 -0.5 -0.4 -0.2 0.3 0.2 0.4 -0.1 0.1 0.5 -0.4 0.5 0.2 0.3 -0.5 0.2 0.3 -0.1 -0.2 0.1 -0.4 0.3 -0.3 0.3 0.1 0 -0.3 -0.5 -0.1 
0 0.1 0.1 0.2 0.2 0.4 -0.2 -0.1 -0.2 -0 -0.1 -0 -0.4 -0.2 -0 0 -0 -0.3 -0.1 -0 -0.2 0.1 0.3 0.3 -0.5 -0.3 -0.2 -0.4 0 -0.2 0.1 0.5 -0.5 -0.5 0.4 -0.2 0.5 -0 -0.3 0 -0.5 -0.2 0.4 0 0.3 0.1 0.2 0.4 -0.5 -0 0.4 0 -0.3 -0.2 0.3 -0.1 0.2 -0.2 -0.2 -0.1 -0.3 0.4 0.1 0.3 0.5 -0 -0.1 -0.2 0.4 -0.1 
-0 0.3 0 0.5 0.5 -0.5 0.3 -0.4 0.5 0.1 0.3 -0.5 -0.2 0.1 0.5 0.1 -0.3 -0.3 -0.3 -0.1 0.2 0.2 -0.2 -0.2 -0.3 -0.4 0.4 -0.1 -0.1 -0.5 0.1 -0.1 0 -0.5 -0.4 0.3 0.5 -0.3 -0 -0.4 -0.4 0.4 -0.2 -0.4 -0 -0.2 0.2 -0 0.4 0.1 0.2 0.4 -0.2 0 0.5 -0 0.5 0.3 -0.3 -0.5 0 -0.4 -0 0.1 -0 -0.3 -0.3 0.2 -0.2 -0.4 
-0 0.1 -0 0.5 -0.1 0.3 0.5 -0.3 -0.2 0.2 0.5 0.1 -0 0.4 0.5 0.5 -0.2 -0 0.1 -0.2 -0.3 -0.5 0.5 0.2 -0.4 0.5 0.2 -0.3 0.5 -0.2 0 0.5 0.1 -0.3 0.1 -0.3 0.2 0.5 -0.2 -0 -0.1 0.5 0.1 0.2 0.5 -0.4 -0.5 -0 0.4 -0.4 -0 0.2 0.4 -0.4 -0.4 0.2 -0.2 -0.5 -0.1 0.3 0.5 -0.2 0.2 0.2 -0.3 0.4 -0.2 0.3 -0.1 -0.2 
-0.11764 -0.00956679 -0.0292164 -0.0390411 -0.0390411 -0.11764 -0.0881652 -0.0488659 -0.156939 0.0390411 -0.0283363 -0.0291436 -0.0289968 -0.0289234 -0.0289234 -0.0283363 -0.0285564 -0.02885 -0.0280429 0.0289234 -0.0970568 -0.0998218 -0.0993189 -0.0990675 -0.0990675 -0.0970568 -0.0978107 -0.0988161 -0.0960517 0.0990675 -0.0801487 -0.0824321 -0.0820168 -0.0818092 -0.0818092 -0.0801487 -0.0807713 -0.0816016 -0.0793188 0.0818092 -0.026365 -0.0271161 -0.0269795 -0.0269112 -0.0269112 -0.026365 -0.0265698 -0.0268429 -0.0260919 0.0269112 -5.41902e-05 -5.5734e-05 -5.54532e-05 -5.53129e-05 -5.53129e-05 -5.41902e-05 -5.46111e-05 -5.51725e-05 -5.3629e-05 5.53129e-05 -0.0067778 -0.00697089 -0.00693578 -0.00691822 -0.00691822 -0.0067778 -0.00683045 -0.00690067 -0.00670762 0.00691822 -0.00511274 -0.00525839 -0.0052319 -0.00521866 -0.00521866 -0.00511274 -0.00515245 -0.00520542 -0.00505979 0.00521866 -0.096584 -0.0993356 -0.0988352 -0.098585 -0.098585 -0.096584 -0.0973343 -0.0983348 -0.0955839 0.098585 -0.00131235 -0.00134974 -0.00134294 -0.00133954 -0.00133954 -0.00131235 -0.00132255 -0.00133614 -0.00129876 0.00133954 -0.0979725 -0.100764 -0.100256 -0.100002 -0.100002 -0.0979725 -0.0987335 -0.0997484 -0.096958 0.100002 -0.00118898 -0.00122285 -0.00121669 -0.00121361 -0.00121361 -0.00118898 -0.00119821 -0.00121053 -0.00117667 0.00121361 -0.0325283 -0.033455 -0.0332865 -0.0332022 -0.0332022 -0.0325283 -0.032781 -0.033118 -0.0321915 0.0332022 -0.0632952 -0.0650984 -0.0647705 -0.0646065 -0.0646065 -0.0632952 -0.0637869 -0.0644426 -0.0626398 0.0646065 -0.0918589 -0.0944759 -0.094 -0.093762 -0.093762 -0.0918589 -0.0925725 -0.0935241 -0.0909077 0.093762 -0.0873373 -0.0898255 -0.089373 -0.0891467 -0.0891467 -0.0873373 -0.0880158 -0.0889205 -0.086433 0.0891467 -0.0490162 -0.0504126 -0.0501586 -0.0500317 -0.0500317 -0.0490162 -0.0493969 -0.0499047 -0.0485086 0.0500317 -0.0244826 -0.0251801 -0.0250532 -0.0249898 -0.0249898 -0.0244826 -0.0246728 -0.0249264 -0.0242291 0.0249898 -0.0938064 -0.0964789 -0.0959929 -0.0957499 -0.0957499 -0.0938064 -0.0945351 -0.0955069 -0.0928351 0.0957499 -0.0193924 -0.0199448 -0.0198444 -0.0197941 -0.0197941 -0.0193924 -0.019543 -0.0197439 -0.0191916 0.0197941 -0.0933831 -0.0960434 -0.0955596 -0.0953177 -0.0953177 -0.0933831 -0.0941085 -0.0950759 -0.0924161 0.0953177 -0.0841264 -0.086523 -0.0860872 -0.0858692 -0.0858692 -0.0841264 -0.0847798 -0.0856513 -0.0832552 0.0858692 -0.00260737 -0.00268165 -0.00266814 -0.00266138 -0.00266138 -0.00260737 -0.00262762 -0.00265463 -0.00258037 0.00266138 -0.0303925 -0.0312584 -0.0311009 -0.0310222 -0.0310222 -0.0303925 -0.0306286 -0.0309435 -0.0300778 0.0310222 -0.0226921 -0.0233385 -0.023221 -0.0231622 -0.0231622 -0.0226921 -0.0228683 -0.0231034 -0.0224571 0.0231622 -0.00977877 -0.0100574 -0.0100067 -0.00998137 -0.00998137 -0.00977877 -0.00985474 -0.00995604 -0.00967752 0.00998137 -0.0226921 -0.0233385 -0.023221 -0.0231622 -0.0231622 -0.0226921 -0.0228683 -0.0231034 -0.0224571 0.0231622 -0.095425 -0.0981435 -0.0976491 -0.097402 -0.097402 -0.095425 -0.0961662 -0.0971548 -0.0944369 0.097402 -0.0441308 -0.0453881 -0.0451594 -0.0450451 -0.0450451 -0.0441308 -0.0444736 -0.0449308 -0.0436739 0.0450451 -0.026365 -0.0271161 -0.0269795 -0.0269112 -0.0269112 -0.026365 -0.0265698 -0.0268429 -0.0260919 0.0269112 -0.0956671 -0.0983926 -0.0978969 -0.0976491 -0.0976491 -0.0956671 -0.0964103 -0.0974013 -0.0946765 0.0976491 -0.0632952 -0.0650984 -0.0647705 -0.0646065 -0.0646065 -0.0632952 -0.0637869 -0.0644426 -0.0626398 0.0646065 -0.0303925 -0.0312584 -0.0311009 -0.0310222 -0.0310222 -0.0303925 -0.0306286 -0.0309435 -0.0300778 0.0310222 -0.0490162 -0.0504126 -0.0501586 -0.0500317 -0.0500317 -0.0490162 -0.0493969 -0.0499047 -0.0485086 0.0500317 -0.0417184 -0.0429069 -0.0426908 -0.0425827 -0.0425827 -0.0417184 -0.0420425 -0.0424746 -0.0412864 0.0425827 -0.00383951 -0.00394889 -0.003929 -0.00391905 -0.00391905 -0.00383951 -0.00386933 -0.00390911 -0.00379975 0.00391905 -0.00194499 -0.0020004 -0.00199033 -0.00198529 -0.00198529 -0.00194499 -0.0019601 -0.00198025 -0.00192485 0.00198529 -0.00815361 -0.0083859 -0.00834366 -0.00832254 -0.00832254 -0.00815361 -0.00821695 -0.00830142 -0.00806918 0.00832254 -0.0303925 -0.0312584 -0.0311009 -0.0310222 -0.0310222 -0.0303925 -0.0306286 -0.0309435 -0.0300778 0.0310222 -0.0970568 -0.0998218 -0.0993189 -0.0990675 -0.0990675 -0.0970568 -0.0978107 -0.0988161 -0.0960517 0.0990675 -0.0905958 -0.0931768 -0.0927074 -0.0924727 -0.0924727 -0.0905958 -0.0912995 -0.0922381 -0.0896577 0.0924727 -0.013906 -0.0143022 -0.0142301 -0.0141941 -0.0141941 -0.013906 -0.014014 -0.0141581 -0.013762 0.0141941 -0.0941928 -0.0968763 -0.0963883 -0.0961443 -0.0961443 -0.0941928 -0.0949245 -0.0959003 -0.0932175 0.0961443 -0.00464927 -0.00478172 -0.00475763 -0.00474559 -0.00474559 -0.00464927 -0.00468539 -0.00473355 -0.00460113 0.00474559 -0.000147164 -0.000151357 -0.000150595 -0.000150213 -0.000150213 -0.000147164 -0.000148308 -0.000149832 -0.000145641 0.000150213 -0.0303925 -0.0312584 -0.0311009 -0.0310222 -0.0310222 -0.0303925 -0.0306286 -0.0309435 -0.0300778 0.0310222 -0.0951588 -0.0978698 -0.0973767 -0.0971303 -0.0971303 -0.0951588 -0.095898 -0.0968838 -0.0941734 0.0971303 -0.00561962 -0.00577972 -0.0057506 -0.00573605 -0.00573605 -0.00561962 -0.00566328 -0.00572149 -0.00556143 0.00573605 -0.00743656 -0.00764841 -0.00760989 -0.00759062 -0.00759062 -0.00743656 -0.00749432 -0.00757136 -0.00735955 0.00759062 -0.0929196 -0.0955668 -0.0950854 -0.0948447 -0.0948447 -0.0929196 -0.0936414 -0.094604 -0.0919574 0.0948447 -0.013906 -0.0143022 -0.0142301 -0.0141941 -0.0141941 -0.013906 -0.014014 -0.0141581 -0.013762 0.0141941 -0.0178836 -0.0183931 -0.0183004 -0.0182541 -0.0182541 -0.0178836 -0.0180225 -0.0182078 -0.0176984 0.0182541 -0.09779 -0.100576 -0.100069 -0.0998159 -0.0998159 -0.09779 -0.0985496 -0.0995626 -0.0967773 0.0998159 -0.0801487 -0.0824321 -0.0820168 -0.0818092 -0.0818092 -0.0801487 -0.0807713 -0.0816016 -0.0793188 0.0818092 -0.0815647 -0.0838884 -0.0834658 -0.0832545 -0.0832545 -0.0815647 -0.0821983 -0.0830433 -0.0807201 0.0832545 -0.0770373 -0.0792319 -0.0788328 -0.0786333 -0.0786333 -0.0770373 -0.0776357 -0.0784337 -0.0762395 0.0786333 -0.0735498 -0.0756451 -0.075264 -0.0750735 -0.0750735 -0.0735498 -0.0741211 -0.074883 -0.0727882 0.0750735 -0.07864 -0.0808803 -0.0804729 -0.0802692 -0.0802692 -0.07864 -0.0792508 -0.0800655 -0.0778257 0.0802692 -0.0465674 -0.0478941 -0.0476528 -0.0475322 -0.0475322 -0.0465674 -0.0469291 -0.0474115 -0.0460852 0.0475322 -0.0441308 -0.0453881 -0.0451594 -0.0450451 -0.0450451 -0.0441308 -0.0444736 -0.0449308 -0.0436739 0.0450451 -0.0490162 -0.0504126 -0.0501586 -0.0500317 -0.0500317 -0.0490162 -0.0493969 -0.0499047 -0.0485086 0.0500317 -0.0347371 -0.0357268 -0.0355468 -0.0354568 -0.0354568 -0.0347371 -0.035007 -0.0353668 -0.0343774 0.0354568 -0.0970568 -0.0998218 -0.0993189 -0.0990675 -0.0990675 -0.0970568 -0.0978107 -0.0988161 -0.0960517 0.0990675 -0.00118898 -0.00122285 -0.00121669 -0.00121361 -0.00121361 -0.00118898 -0.00119821 -0.00121053 -0.00117667 0.00121361 -0.0890994 -0.0916377 -0.0911761 -0.0909453 -0.0909453 -0.0890994 -0.0897915 -0.0907145 -0.0881767 0.0909453 -0.00815361 -0.0083859 -0.00834366 -0.00832254 -0.00832254 -0.00815361 -0.00821695 -0.00830142 -0.00806918 0.00832254 -0.0347371 -0.0357268 -0.0355468 -0.0354568 -0.0354568 -0.0347371 -0.035007 -0.0353668 -0.0343774 0.0354568 -0.0890994 -0.0916377 -0.0911761 -0.0909453 -0.0909453 -0.0890994 -0.0897915 -0.0907145 -0.0881767 0.0909453 -0.0441308 -0.0453881 -0.0451594 -0.0450451 -0.0450451 -0.0441308 -0.0444736 -0.0449308 -0.0436739 0.0450451 -0.0933831 -0.0960434 -0.0955596 -0.0953177 -0.0953177 -0.0933831 -0.0941085 -0.0950759 -0.0924161 0.0953177 
