-0.129771 -0.129771
-1.1515 -1.1515
-0.174889 -0.174889
-0.544053 -0.544053
0.551139 0.551139
0.78244 0.78244
-0.771548 -0.771548
-0.792628 -0.792628
0.314759 0.314759
-0.324464 -0.324464
0.723956 0.723956
-0.371463 -0.371463
-0.710099 -0.710099
-0.123158 -0.123158
-0.924654 -0.924654
-0.481464 -0.481464
0.43596 0.43596
-0.596995 -0.596995
-0.208589 -0.208589
0.0923867 0.0923867
0.373366 0.373366
-1.44794 -1.44794
-0.480933 -0.480933
-0.523825 -0.523825
-0.111386 -0.111386
-0.139108 -0.139108
0.291629 0.291629
-1.46109 -1.46109
-0.830894 -0.830894
-0.0925909 -0.0925909
1.11427 1.11427
-0.326021 -0.326021
1.00175 1.00175
0.427167 0.427167
0.41784 0.41784
-0.54344 -0.54344
-1.24388 -1.24388
-0.0175696 -0.0175696
-0.740616 -0.740616
1.09869 1.09869
1.61625 1.61625
0.460857 0.460857
-0.133343 -0.133343
-1.01647 -1.01647
-0.503709 -0.503709
-0.240652 -0.240652
0.368051 0.368051
-0.616085 -0.616085
-0.434895 -0.434895
1.45346 1.45346
-0.0655166 -0.0655166
-0.744934 -0.744934
-0.398507 -0.398507
0.00280176 0.00280176
-0.958834 -0.958834
0.504616 0.504616
0.26019 0.26019
-0.943301 -0.943301
-0.817831 -0.817831
0.15725 0.15725
0.932007 0.932007
0.223883 0.223883
-0.640662 -0.640662
-0.039667 -0.039667
0.633192 0.633192
0.825003 0.825003
-0.115294 -0.115294
-0.556436 -0.556436
-0.610928 -0.610928
1.13325 1.13325
0.339722 0.339722
0.471215 0.471215
0.269028 0.269028
-0.45732 -0.45732
-0.336921 -0.336921
0.401013 0.401013
-0.0908766 -0.0908766
0.838062 0.838062
0.116247 0.116247
0.560589 0.560589
-0.193984 -0.193984
0.787666 0.787666
-0.462818 -0.462818
0.614774 0.614774
0.95369 0.95369
0.181885 0.181885
-0.0281238 -0.0281238
0.126543 0.126543
0.381861 0.381861
0.648792 0.648792
1.2465 1.2465
0.222442 0.222442
0.699772 0.699772
-0.0273672 -0.0273672
-0.115016 -0.115016
0.681328 0.681328
-0.560765 -0.560765
0.180465 0.180465
-1.05078 -1.05078
-0.444113 -0.444113
-0.183526 -0.183526
0.814955 0.814955
-0.268325 -0.268325
0.426158 0.426158
0.0232916 0.0232916
-0.377474 -0.377474
-0.884668 -0.884668
-0.418276 -0.418276
-0.915473 -0.915473
-0.624986 -0.624986
-0.125037 -0.125037
-1.03308 -1.03308
-2.07639 -2.07639
-0.409367 -0.409367
-0.749343 -0.749343
-0.683894 -0.683894
-0.272411 -0.272411
0.307197 0.307197
0.885387 0.885387
0.598063 0.598063
-0.282522 -0.282522
-0.632332 -0.632332
0.168104 0.168104
-0.898933 -0.898933
0.53988 0.53988
-0.549048 -0.549048
-0.455534 -0.455534
0.336144 0.336144
-0.745647 -0.745647
0.707595 0.707595
0.638273 0.638273
-0.697616 -0.697616
-0.271465 -0.271465
-0.829908 -0.829908
0.575127 0.575127
0.205608 0.205608
0.434495 0.434495
0.586638 0.586638
0.0132047 0.0132047
0.686027 0.686027
0.371285 0.371285
-0.418186 -0.418186
0.093353 0.093353
-1.02544 -1.02544
1.85454 1.85454
-0.077082 -0.077082
-0.0977432 -0.0977432
-0.125968 -0.125968
0.240015 0.240015
-0.818918 -0.818918
0.293927 0.293927
-0.0601498 -0.0601498
-0.252641 -0.252641
0.532148 0.532148
0.469746 0.469746
0.604182 0.604182
-1.04884 -1.04884
0.220157 0.220157
0.84348 0.84348
0.570122 0.570122
-0.694254 -0.694254
0.284238 0.284238
1.03642 1.03642
-0.343586 -0.343586
-0.478762 -0.478762
-0.407326 -0.407326
0.340455 0.340455
0.276273 0.276273
-0.777776 -0.777776
0.605569 0.605569
0.29293 0.29293
-0.795879 -0.795879
-1.13516 -1.13516
-0.358546 -0.358546
-0.299064 -0.299064
-0.666232 -0.666232
-0.73195 -0.73195
0.49307 0.49307
0.839343 0.839343
0.0231565 0.0231565
-0.177073 -0.177073
-0.0775353 -0.0775353
-0.56085 -0.56085
0.557439 0.557439
-0.863213 -0.863213
0.808181 0.808181
-0.348107 -0.348107
-0.647429 -0.647429
0.423357 0.423357
0.012857 0.012857
0.0364044 0.0364044
-0.404486 -0.404486
0.198162 0.198162
-0.659354 -0.659354
-0.201347 -0.201347
0.611417 0.611417
0.043471 0.043471
0.526624 0.526624
0.0351208 0.0351208
0.0385496 0.0385496
0.305365 0.305365
0.58058 0.58058
-0.119442 -0.119442
0.636059 0.636059
0.877572 0.877572
0.0574811 0.0574811
0.058683 0.058683
-0.241852 -0.241852
0.548479 0.548479
-0.0522433 -0.0522433
-0.220857 -0.220857
-0.292107 -0.292107
0.352411 0.352411
0.635203 0.635203
0.357768 0.357768
0.503383 0.503383
0.100738 0.100738
-0.474439 -0.474439
-0.368017 -0.368017
-0.0879708 -0.0879708
0.365399 0.365399
-0.969193 -0.969193
-1.04557 -1.04557
-0.254893 -0.254893
-0.653839 -0.653839
0.0923094 0.0923094
-0.481616 -0.481616
0.229029 0.229029
-0.250432 -0.250432
-0.638933 -0.638933
0.566252 0.566252
0.00302963 0.00302963
-0.0582407 -0.0582407
-0.314246 -0.314246
-0.222281 -0.222281
0.854628 0.854628
-0.185189 -0.185189
-0.607418 -0.607418
0.580577 0.580577
-0.84169 -0.84169
0.529857 0.529857
-0.646772 -0.646772
0.763059 0.763059
0.0758974 0.0758974
1.39146 1.39146
-0.619426 -0.619426
-1.28836 -1.28836
-0.0305924 -0.0305924
-0.937659 -0.937659
0.708835 0.708835
0.0413331 0.0413331
0.885392 0.885392
0.0319295 0.0319295
-0.499778 -0.499778
-0.485251 -0.485251
-0.861375 -0.861375
-0.333041 -0.333041
-0.474847 -0.474847
-0.493648 -0.493648
0.0551554 0.0551554
0.202892 0.202892
0.463327 0.463327
0.226638 0.226638
0.411381 0.411381
-0.324582 -0.324582
0.691601 0.691601
0.563197 0.563197
-0.323977 -0.323977
-0.253096 -0.253096
-0.656822 -0.656822
-0.114513 -0.114513
0.985973 0.985973
0.494534 0.494534
-0.289776 -0.289776
0.644543 0.644543
-0.523624 -0.523624
1.0929 1.0929
0.0210896 0.0210896
0.239821 0.239821
-0.779805 -0.779805
-0.0956976 -0.0956976
1.07324 1.07324
-0.710515 -0.710515
0.0771472 0.0771472
0.456671 0.456671
-0.111077 -0.111077
0.643 0.643
-0.336104 -0.336104
-0.905804 -0.905804
0.308682 0.308682
0.329548 0.329548
-0.0238661 -0.0238661
0.318231 0.318231
-1.055 -1.055
0.831652 0.831652
1.30246 1.30246
0.735257 0.735257
0.398836 0.398836
-0.139787 -0.139787
1.24133 1.24133
0.812117 0.812117
0.556028 0.556028
-0.162427 -0.162427
-0.564885 -0.564885
-0.134603 -0.134603
0.710345 0.710345
0.0662694 0.0662694
-0.907833 -0.907833
0.651115 0.651115
1.16436 1.16436
-0.0590049 -0.0590049
0.401713 0.401713
-0.511556 -0.511556
-0.439223 -0.439223
-0.419164 -0.419164
-0.579587 -0.579587
-0.365624 -0.365624
-0.126904 -0.126904
-1.14266 -1.14266
0.674637 0.674637
-0.551694 -0.551694
-0.380043 -0.380043
-0.212594 -0.212594
-0.112655 -0.112655
-0.294011 -0.294011
-0.258187 -0.258187
-0.346453 -0.346453
0.930558 0.930558
-0.613373 -0.613373
0.00277846 0.00277846
0.389081 0.389081
-0.36777 -0.36777
0.822484 0.822484
-0.0941114 -0.0941114
0.0830891 0.0830891
0.825285 0.825285
0.255713 0.255713
0.830677 0.830677
-0.588492 -0.588492
-0.193517 -0.193517
-0.317874 -0.317874
1.89062 1.89062
-0.176422 -0.176422
-0.227806 -0.227806
0.0296719 0.0296719
0.244922 0.244922
0.652454 0.652454
-0.182073 -0.182073
0.364407 0.364407
-0.0512891 -0.0512891
-0.329854 -0.329854
-0.0500678 -0.0500678
0.455905 0.455905
-0.254032 -0.254032
1.59158 1.59158
0.603152 0.603152
0.910554 0.910554
-0.382239 -0.382239
-0.734736 -0.734736
-0.401032 -0.401032
0.425057 0.425057
0.10132 0.10132
0.899746 0.899746
0.241315 0.241315
-0.390385 -0.390385
1.1308 1.1308
0.325942 0.325942
0.149832 0.149832
0.276542 0.276542
-0.0943919 -0.0943919
-0.107366 -0.107366
0.258961 0.258961
0.151409 0.151409
-0.105069 -0.105069
0.182204 0.182204
0.511175 0.511175
1.02009 1.02009
-0.30633 -0.30633
-0.73208 -0.73208
-0.112767 -0.112767
0.577387 0.577387
0.208975 0.208975
0.0366327 0.0366327
-0.106009 -0.106009
0.0616853 0.0616853
0.241852 0.241852
1.27705 1.27705
0.121037 0.121037
-0.0513752 -0.0513752
1.5439 1.5439
-0.31889 -0.31889
-1.1341 -1.1341
-0.357487 -0.357487
-0.208512 -0.208512
-0.673163 -0.673163
-0.904838 -0.904838
0.851434 0.851434
-0.0313191 -0.0313191
0.663663 0.663663
0.294442 0.294442
0.486474 0.486474
-0.333541 -0.333541
-1.11305 -1.11305
-0.127704 -0.127704
-0.827625 -0.827625
0.577586 0.577586
-0.181875 -0.181875
0.11239 0.11239
0.0350091 0.0350091
0.668411 0.668411
-0.424177 -0.424177
-0.897093 -0.897093
-0.517118 -0.517118
0.958752 0.958752
-0.688528 -0.688528
0.0103431 0.0103431
0.712405 0.712405
0.36936 0.36936
0.481579 0.481579
-0.139612 -0.139612
1.06947 1.06947
0.539304 0.539304
0.323186 0.323186
-0.23711 -0.23711
-0.177555 -0.177555
-0.632988 -0.632988
0.0815963 0.0815963
0.392382 0.392382
0.34208 0.34208
0.334321 0.334321
0.0934701 0.0934701
0.0441128 0.0441128
-0.83777 -0.83777
0.125255 0.125255
-0.082349 -0.082349
0.253619 0.253619
-0.133435 -0.133435
0.0132143 0.0132143
1.25823 1.25823
0.723295 0.723295
-1.78063 -1.78063
-0.109386 -0.109386
-0.164254 -0.164254
0.447492 0.447492
-0.402715 -0.402715
-0.782128 -0.782128
0.822797 0.822797
-0.332243 -0.332243
-1.2387 -1.2387
-0.0525595 -0.0525595
0.60008 0.60008
-0.242012 -0.242012
0.494027 0.494027
-0.0497486 -0.0497486
0.275384 0.275384
-0.0194576 -0.0194576
-0.366429 -0.366429
0.781521 0.781521
-0.77589 -0.77589
-0.543561 -0.543561
-0.679506 -0.679506
-0.74779 -0.74779
-0.0155274 -0.0155274
-0.523498 -0.523498
0.0274039 0.0274039
-0.071036 -0.071036
0.302284 0.302284
-0.158815 -0.158815
-0.0980424 -0.0980424
-0.549139 -0.549139
0.39454 0.39454
0.737353 0.737353
0.0419119 0.0419119
0.966386 0.966386
0.379708 0.379708
-0.381783 -0.381783
0.464376 0.464376
0.369769 0.369769
-0.584307 -0.584307
-0.63439 -0.63439
-0.128344 -0.128344
-0.0951758 -0.0951758
0.101099 0.101099
-0.359013 -0.359013
-0.0576736 -0.0576736
-0.106625 -0.106625
0.727525 0.727525
0.5315 0.5315
0.638142 0.638142
-0.381766 -0.381766
-0.847406 -0.847406
-0.583743 -0.583743
-0.236505 -0.236505
-1.10525 -1.10525
-0.281587 -0.281587
-0.620577 -0.620577
0.984432 0.984432
-0.121873 -0.121873
0.0159501 0.0159501
-0.711624 -0.711624
 
