-0.768798 1.03473
-3.75661 1.13747
-0.886356 1.04394
-1.94931 1.08646
1.31287 0.9957
1.51918 0.81957
-2.33297 1.20091
-1.59833 1.46199
-1.95116 0.18277
-2.05452 0.821331
1.25012 0.793568
-1.35114 1.0995
-0.725449 1.65908
-1.15784 0.901259
-4.50143 0.656702
-0.621886 1.45233
1.83047 1.28515
-0.93668 1.47145
-0.173222 1.3113
0.245962 1.13113
0.60321 0.95185
-3.43555 1.5536
-1.57851 1.14067
-1.52403 1.20349
-0.694864 1.03944
0.565569 1.4785
1.51236 1.33346
-4.06611 1.36237
-3.03493 1.03503
-2.44732 0.449762
1.43203 0.442295
-3.0782 0.490057
2.05248 0.762394
0.792177 0.956729
1.18948 1.09574
-2.31217 0.967808
-4.1249 1.11484
-0.0940138 1.13619
-0.0387244 1.9145
-0.0432724 -0.0211074
2.71034 0.330148
1.31281 1.09062
-0.5174 1.12025
-2.38792 1.44059
-1.20837 1.28499
-1.13569 1.03201
0.156618 0.812202
-1.61454 1.27107
-1.68804 1.05664
1.83549 0.216825
-1.06139 0.87201
-1.56934 1.42126
-0.481404 1.41079
-0.673286 0.926387
-3.30748 1.08093
0.844792 0.892398
0.097558 0.906416
-3.58865 0.973155
-3.1778 0.974829
0.154423 1.03316
2.15745 0.869864
-0.383034 0.788301
-3.42807 0.707139
-1.17979 0.806325
-0.740992 0.241479
1.2344 0.682198
0.290208 1.36391
-3.19841 0.693256
-1.42377 1.32769
2.12835 0.648789
-1.19945 0.400981
1.02048 0.984655
-0.0285047 0.856126
-1.00412 1.30264
-0.908198 1.20723
-0.277841 0.636249
-0.812271 0.979695
2.10799 0.952569
-0.462075 0.875781
1.18785 0.945104
-1.52818 0.855298
1.94367 0.952122
-1.73548 1.07057
2.62841 1.35661
1.77879 0.723921
1.24387 1.36155
-0.657523 0.964033
-0.623728 0.812383
0.265277 0.833017
1.13037 0.833664
2.64339 0.697192
-0.0888864 0.885476
1.0174 0.743316
-0.945363 0.869629
-2.1023 0.585549
0.398847 0.56155
-2.67968 0.866507
-1.05994 0.613821
-2.9502 1.29381
-1.49241 1.12995
-1.02439 1.00814
1.44563 0.76146
-1.73069 0.86761
0.469611 0.852887
-0.514475 0.956488
-1.92892 0.917922
-2.03966 1.41525
-1.80972 0.999593
-1.73333 1.54726
-3.07753 0.804652
-0.696587 1.05324
-1.52729 1.73794
-4.43831 1.88834
-2.55399 0.748178
-0.405983 1.80424
-1.94911 1.23357
-2.50657 0.619583
0.560172 1.00743
1.18349 0.602144
0.557478 0.700696
-0.727038 1.20894
-2.15646 1.11192
-2.45191 0.174137
-3.35086 1.00383
2.05858 1.25005
-2.6539 0.862568
-1.27038 1.21417
0.823027 1.06248
-2.83065 1.01182
1.35407 0.844577
1.0209 0.809123
-2.76428 0.982901
-1.01943 1.10222
-2.68537 1.14767
1.11938 0.907551
0.242935 1.01109
-0.0512577 0.674729
3.04706 1.52235
-1.14359 0.762498
0.887111 0.715397
0.283904 0.850196
-1.12957 1.22069
0.960947 1.36264
-1.71545 1.66871
5.28587 0.917167
-1.89975 0.611529
-1.41889 0.789636
0.620129 1.48243
0.658082 1.10992
-3.25661 0.950345
-0.125695 0.798335
-0.529426 1.03937
-0.384752 1.28883
0.57613 0.776075
0.81065 0.917963
1.03971 0.85109
-2.72979 1.36345
-0.324513 0.811251
2.20196 0.977431
-1.3086 0.123207
-1.40841 1.42031
-0.17257 0.79328
3.34254 1.14548
-2.58973 0.667385
-0.294591 1.55593
-2.55087 0.747046
1.42229 1.25283
-0.112159 0.821302
-1.18391 1.58114
-0.179568 0.453108
-0.600884 0.644848
-2.15884 1.28312
-4.88911 0.751986
-1.49841 1.03802
-0.552254 1.28318
-1.67325 1.30471
-3.12038 0.903196
-0.413077 0.495467
0.993859 0.588893
-0.52902 0.9519
-0.605795 1.13748
-1.70651 0.674851
-1.57293 1.22652
-1.16901 0.181944
-3.06914 1.05789
1.20006 0.68872
-0.0519136 1.49746
-1.54029 1.32818
1.11036 1.06421
1.28736 1.55344
-1.07875 0.759191
0.21493 1.64353
-0.202546 0.874045
-2.91829 0.89258
-2.39302 0.581784
1.12532 0.871323
0.302946 1.2011
0.530477 0.767036
-1.46323 0.635505
0.152727 1.15742
-1.42906 0.362441
1.58778 1.05415
-1.12712 0.907341
-0.951884 0.16988
1.67983 0.771778
-0.031067 1.07775
-0.765318 0.837695
-1.1723 1.02137
1.98177 1.21603
-0.276014 1.11347
-0.853754 1.10289
-1.76999 0.87984
0.323075 0.882782
1.81502 1.07061
0.68304 0.994213
0.251028 0.700596
-0.0858426 1.01444
-0.560801 1.46481
-0.678195 1.31473
-0.0511024 1.22418
-0.177524 0.706324
-2.40933 1.38391
-4.9163 0.648928
-0.130995 1.37372
-2.21651 1.11501
-0.614058 0.851526
-1.97795 1.01149
0.952959 1.21737
-1.87854 0.800713
-4.34899 0.405825
0.397801 0.682218
-1.39571 0.691207
-1.23669 0.807352
-1.96043 0.841186
-1.28274 0.964873
2.00187 0.900638
-1.33559 0.908681
-1.82247 1.19434
1.76448 1.11161
-0.664654 1.81722
-0.0253348 0.582881
-1.74437 1.26112
3.1487 1.36989
-0.697238 0.841734
2.36936 0.455645
-2.20458 1.0827
-5.52742 0.705492
-0.440566 1.03719
-1.80854 1.54613
0.770751 0.653572
-0.357695 0.988503
1.59635 0.736406
0.363501 1.23293
-1.05366 1.33118
-3.22429 0.609986
-1.75273 1.48407
-1.37499 1.05134
-2.44882 0.851237
-2.39405 0.88882
-0.652207 0.878189
-0.712138 0.703346
0.952138 0.970725
1.07586 1.25985
1.66031 1.25565
-1.64259 0.95542
1.19158 0.808552
1.12406 0.921617
-1.33953 1.05334
-1.53085 0.916588
-1.4323 1.37318
-0.975342 0.951518
2.65624 0.975329
0.928738 0.9303
-1.59192 0.935297
1.2256 0.869099
-2.40639 0.916328
0.779687 0.252615
-0.710637 0.895009
0.0244228 0.904051
-3.75058 0.748571
-1.92392 0.623245
1.19035 0.406844
-1.73907 1.32987
-1.36636 0.622813
1.88893 1.28238
-0.182124 1.20587
2.23936 1.20041
-1.40988 1.04322
-3.72371 0.889803
0.590642 1.01578
-0.497267 0.640039
-0.167523 1.11891
0.798767 1.07342
-2.65064 1.39567
0.992468 0.596528
2.80581 0.691172
1.32468 0.805931
1.73758 1.29398
-0.733748 1.05666
1.96763 0.482866
2.12072 0.983989
1.08119 0.915216
-1.9202 0.694624
-1.69977 1.18951
0.383369 1.41451
-0.537223 0.226617
-0.362205 0.960814
-3.39613 0.998468
0.755925 0.709446
2.76843 0.824231
-0.0529167 1.19313
0.388087 0.852081
-0.983703 1.36631
-1.63297 1.0791
-1.55001 1.08498
-1.70252 1.20408
-1.82928 0.937866
-0.486443 1.12354
-3.4851 1.21647
1.35966 0.881053
-2.69776 0.851087
-1.25208 1.14074
-2.16485 0.667813
-0.166594 1.21258
-2.15093 0.757955
-1.5578 0.913178
-1.46809 1.03517
0.529049 0.341815
-2.17343 1.08646
0.771854 1.39639
1.51814 1.23287
0.00208359 1.5357
2.12058 0.973042
-0.36568 1.12833
-0.870892 0.777697
2.07271 0.954529
-1.32502 0.448488
-0.0125303 0.270717
-2.14698 1.0689
-1.12882 0.984681
-1.80502 0.895544
3.0331 0.146599
0.101131 1.3667
-0.379601 1.26439
-0.231044 1.04195
0.98218 1.21016
2.19094 1.17472
-0.315317 1.23721
-0.127036 0.723786
0.746559 1.44501
-2.52748 0.673186
1.20129 1.59161
1.54557 1.17152
-0.497508 1.25363
3.10249 0.483629
2.83642 1.43648
1.99729 0.840338
-1.70728 0.99501
-2.7457 1.02797
0.124356 1.61044
-1.09167 0.346299
-1.10031 0.683916
1.5623 0.710239
-0.192278 0.832007
-1.96035 0.921277
3.12368 0.975055
-0.844236 0.530994
-0.87773 0.705289
-0.563108 0.674366
-2.11734 0.55897
-1.97266 0.619664
-0.377668 0.75316
0.284322 1.08154
-0.305821 1.15932
-0.0522566 0.939701
1.04938 0.952033
0.913845 0.372803
-1.40221 1.0144
-1.68242 1.37097
-0.0404897 1.25371
1.00486 0.86793
1.41894 1.39
-0.605382 0.912895
-0.149186 1.21125
-0.0238727 1.07566
0.115133 0.931415
2.64858 0.666755
-0.102151 0.987796
-0.178208 1.14436
2.86702 0.457192
-0.949014 1.17499
-3.8975 1.07336
-1.32469 1.09341
-2.25475 0.634285
-3.5106 0.714474
-3.50313 0.960523
2.02489 0.911481
-0.814076 0.91648
3.45592 1.57432
-0.103962 0.804862
0.16784 0.691324
-0.819957 1.23237
-2.25939 1.58395
0.314504 1.38486
-1.40652 1.56117
0.832031 0.811516
-0.953305 1.02952
-1.03712 0.692825
-0.557273 0.930248
-0.1966 0.381487
-3.34608 0.506157
-3.10997 1.08024
-2.98783 0.720394
1.15681 0.516324
-3.07414 0.872574
0.215176 1.20739
2.55591 1.23037
0.244499 0.839405
1.02282 0.97452
-0.110577 1.25914
2.4051 0.805855
-0.241851 0.502534
0.44357 0.952699
-1.29606 0.976133
-0.823865 1.06707
-2.48462 1.00589
0.0480032 1.0781
1.27261 1.14955
0.357674 0.904898
1.12112 1.16134
0.724347 1.28557
0.835179 1.37351
-2.88281 1.09173
1.22999 1.41659
0.364631 1.35347
1.00607 1.20879
-1.2352 0.886906
0.454412 1.28218
3.07021 0.823665
2.31661 1.1411
-5.07117 1.37152
1.07056 1.61148
0.366047 1.44006
0.173383 0.734118
-2.55974 0.739315
-2.64933 1.10915
1.52981 0.78059
-1.00816 1.1698
-1.95765 1.8142
-1.37187 0.757415
0.538737 0.69248
-2.31423 0.650169
0.416133 0.764129
0.444504 1.34516
-0.444572 0.714132
0.196095 1.23253
-0.710334 1.3026
0.110362 0.362374
-2.75628 1.06781
-2.89213 0.779323
-3.17412 0.830572
-1.29417 1.51375
-1.99881 0.514585
-0.724098 1.46329
-0.74213 0.878128
-0.386804 1.0972
1.56098 1.33807
-1.56997 0.804726
-2.24086 0.522638
-0.537948 1.5508
0.148128 0.781586
1.32387 0.803465
-2.04598 0.438846
1.1438 0.504062
1.39145 1.20152
0.000481695 1.54991
1.81757 1.25107
-0.0489648 0.743537
-2.22981 1.03756
-0.90757 1.52024
-0.435988 1.14146
-0.669633 1.0306
0.664028 1.25793
-0.862659 1.24527
-1.06992 0.860991
-0.328002 1.15374
1.76247 0.956435
0.322994 0.694433
0.843092 0.751436
-0.0053314 1.54801
-2.84699 1.11351
-2.50242 0.948315
-2.99656 0.422477
-1.97625 1.66782
0.0176039 1.45012
-1.57235 1.28952
1.72959 0.675591
-0.92887 0.97437
-1.21118 0.737631
-1.23616 1.49459
